2025-02-21 07:00:00,2025-02-21 08:00:00,AA,208,208,0,0,15.97,0.00,11.54
2025-02-21 07:00:00,2025-02-21 08:00:00,WN,199,198,1,0,1.64,0.50,5.56
2025-02-21 07:00:00,2025-02-21 08:00:00,DL,234,233,1,0,2.72,0.43,10.30
2025-02-21 07:00:00,2025-02-21 08:00:00,UA,200,200,0,0,1.43,0.00,10.50
2025-02-21 08:00:00,2025-02-21 09:00:00,AA,198,198,0,0,4.46,0.00,15.15
2025-02-21 08:00:00,2025-02-21 09:00:00,UA,193,192,1,0,6.57,0.52,13.02
2025-02-21 08:00:00,2025-02-21 09:00:00,WN,273,273,0,0,3.24,0.00,8.42
2025-02-21 08:00:00,2025-02-21 09:00:00,DL,176,176,0,0,3.23,0.00,10.23
2025-02-21 09:00:00,2025-02-21 10:00:00,UA,136,136,0,0,4.65,0.00,13.97
2025-02-21 09:00:00,2025-02-21 10:00:00,AA,131,131,0,0,6.88,0.00,16.03
2025-02-21 09:00:00,2025-02-21 10:00:00,DL,126,126,0,0,10.32,0.00,19.05
2025-02-21 09:00:00,2025-02-21 10:00:00,WN,218,217,1,0,6.36,0.46,14.29
2025-02-21 10:00:00,2025-02-21 11:00:00,AA,148,148,0,0,17.99,0.00,18.24
2025-02-21 10:00:00,2025-02-21 11:00:00,WN,231,231,0,0,5.89,0.00,16.02
2025-02-21 10:00:00,2025-02-21 11:00:00,DL,161,160,1,0,5.02,0.62,15.62
2025-02-21 10:00:00,2025-02-21 11:00:00,UA,126,126,0,0,0.52,0.00,9.52
2025-02-21 11:00:00,2025-02-21 12:00:00,AA,166,165,0,1,22.46,0.00,18.07
2025-02-21 11:00:00,2025-02-21 12:00:00,DL,189,189,0,0,10.75,0.00,16.40
2025-02-21 11:00:00,2025-02-21 12:00:00,UA,130,130,0,0,4.42,0.00,10.77
2025-02-21 11:00:00,2025-02-21 12:00:00,WN,224,224,0,0,8.05,0.00,17.41
2025-02-21 12:00:00,2025-02-21 13:00:00,WN,235,235,0,0,6.83,0.00,17.87
2025-02-21 12:00:00,2025-02-21 13:00:00,AA,139,139,0,0,27.13,0.00,21.58
2025-02-21 12:00:00,2025-02-21 13:00:00,DL,180,180,0,0,9.40,0.00,21.11
2025-02-21 12:00:00,2025-02-21 13:00:00,UA,123,123,0,0,2.17,0.00,12.20
2025-02-21 13:00:00,2025-02-21 14:00:00,DL,147,147,0,0,8.79,0.00,18.37
2025-02-21 13:00:00,2025-02-21 14:00:00,UA,144,144,0,0,1.51,0.00,5.56
2025-02-21 13:00:00,2025-02-21 14:00:00,AA,142,142,0,0,9.98,0.00,23.94
2025-02-21 13:00:00,2025-02-21 14:00:00,WN,226,225,1,0,8.45,0.44,20.44
2025-02-21 14:00:00,2025-02-21 15:00:00,WN,231,230,0,1,8.44,0.00,17.32
2025-02-21 14:00:00,2025-02-21 15:00:00,UA,133,131,1,1,-0.23,0.75,5.30
2025-02-21 14:00:00,2025-02-21 15:00:00,AA,157,157,0,0,10.81,0.00,17.83
2025-02-21 14:00:00,2025-02-21 15:00:00,DL,138,138,0,0,9.28,0.00,19.57
2025-02-21 15:00:00,2025-02-21 16:00:00,WN,239,239,0,0,10.36,0.00,20.08
2025-02-21 15:00:00,2025-02-21 16:00:00,AA,128,128,0,0,10.74,0.00,21.88
2025-02-21 15:00:00,2025-02-21 16:00:00,DL,185,184,1,0,10.67,0.54,23.37
2025-02-21 15:00:00,2025-02-21 16:00:00,UA,89,89,0,0,3.20,0.00,10.11
2025-02-21 16:00:00,2025-02-21 17:00:00,UA,144,144,0,0,3.71,0.00,12.50
2025-02-21 16:00:00,2025-02-21 17:00:00,WN,222,222,0,0,9.52,0.00,20.72
2025-02-21 16:00:00,2025-02-21 17:00:00,AA,153,153,0,0,7.20,0.00,16.34
2025-02-21 16:00:00,2025-02-21 17:00:00,DL,142,142,0,0,10.11,0.00,23.94
2025-02-21 17:00:00,2025-02-21 18:00:00,AA,162,162,0,0,17.11,0.00,27.78
2025-02-21 17:00:00,2025-02-21 18:00:00,WN,242,241,1,0,9.15,0.41,23.24
2025-02-21 17:00:00,2025-02-21 18:00:00,DL,174,174,0,0,7.10,0.00,18.39
2025-02-21 17:00:00,2025-02-21 18:00:00,UA,145,144,1,0,2.67,0.69,14.58
2025-02-21 18:00:00,2025-02-21 19:00:00,AA,163,163,0,0,19.39,0.00,23.93
2025-02-21 18:00:00,2025-02-21 19:00:00,DL,159,159,0,0,12.21,0.00,23.90
2025-02-21 18:00:00,2025-02-21 19:00:00,WN,206,206,0,0,5.63,0.00,16.02
2025-02-21 18:00:00,2025-02-21 19:00:00,UA,152,152,0,0,2.41,0.00,10.53
2025-02-21 19:00:00,2025-02-21 20:00:00,DL,166,166,0,0,8.35,0.00,23.49
2025-02-21 19:00:00,2025-02-21 20:00:00,UA,135,135,0,0,4.55,0.00,13.33
2025-02-21 19:00:00,2025-02-21 20:00:00,AA,162,162,0,0,13.75,0.00,20.99
2025-02-21 19:00:00,2025-02-21 20:00:00,WN,239,238,0,1,8.33,0.00,21.76
2025-02-21 20:00:00,2025-02-21 21:00:00,AA,127,127,0,0,11.02,0.00,21.26
2025-02-21 20:00:00,2025-02-21 21:00:00,WN,264,264,0,0,4.09,0.00,14.77
2025-02-21 20:00:00,2025-02-21 21:00:00,DL,102,102,0,0,12.53,0.00,23.53
2025-02-21 20:00:00,2025-02-21 21:00:00,UA,82,82,0,0,2.88,0.00,13.41
2025-02-21 21:00:00,2025-02-21 22:00:00,AA,93,92,0,1,25.09,0.00,23.66
2025-02-21 21:00:00,2025-02-21 22:00:00,DL,96,95,1,0,6.14,1.04,20.00
2025-02-21 21:00:00,2025-02-21 22:00:00,UA,42,42,0,0,-1.07,0.00,9.52
2025-02-21 21:00:00,2025-02-21 22:00:00,WN,141,140,0,1,3.31,0.00,14.18
2025-02-21 22:00:00,2025-02-21 23:00:00,WN,141,141,0,0,0.33,0.00,7.09
2025-02-21 22:00:00,2025-02-21 23:00:00,AA,97,97,0,0,12.64,0.00,21.65
2025-02-21 22:00:00,2025-02-21 23:00:00,DL,93,93,0,0,9.04,0.00,13.98
2025-02-21 22:00:00,2025-02-21 23:00:00,UA,32,32,0,0,-3.44,0.00,3.12
2025-02-21 23:00:00,2025-02-22 00:00:00,AA,30,30,0,0,-0.97,0.00,6.67
2025-02-21 23:00:00,2025-02-22 00:00:00,DL,25,25,0,0,10.52,0.00,20.00
2025-02-21 23:00:00,2025-02-22 00:00:00,UA,36,36,0,0,-4.44,0.00,2.78
2025-02-21 23:00:00,2025-02-22 00:00:00,WN,3,3,0,0,-5.67,0.00,0.00
2025-02-22 00:00:00,2025-02-22 01:00:00,UA,3,3,0,0,1.33,0.00,33.33
2025-02-22 00:00:00,2025-02-22 01:00:00,AA,11,11,0,0,1.45,0.00,18.18
2025-02-22 00:00:00,2025-02-22 01:00:00,DL,4,4,0,0,-11.25,0.00,0.00
2025-02-22 01:00:00,2025-02-22 02:00:00,UA,1,1,0,0,-12.00,0.00,0.00
2025-02-22 01:00:00,2025-02-22 02:00:00,DL,2,2,0,0,-3.50,0.00,0.00
2025-02-22 02:00:00,2025-02-22 03:00:00,UA,1,1,0,0,-4.00,0.00,0.00
2025-02-22 05:00:00,2025-02-22 06:00:00,UA,30,30,0,0,-2.83,0.00,6.67
2025-02-22 05:00:00,2025-02-22 06:00:00,DL,59,59,0,0,14.95,0.00,13.56
2025-02-22 05:00:00,2025-02-22 06:00:00,WN,131,131,0,0,-1.54,0.00,3.82
2025-02-22 05:00:00,2025-02-22 06:00:00,AA,82,82,0,0,0.60,0.00,8.54
2025-02-22 06:00:00,2025-02-22 07:00:00,WN,282,282,0,0,-0.29,0.00,4.26
2025-02-22 06:00:00,2025-02-22 07:00:00,UA,125,125,0,0,0.42,0.00,4.80
2025-02-22 06:00:00,2025-02-22 07:00:00,AA,167,167,0,0,2.14,0.00,8.38
2025-02-22 06:00:00,2025-02-22 07:00:00,DL,172,172,0,0,3.78,0.00,10.47
2025-02-22 07:00:00,2025-02-22 08:00:00,AA,170,170,0,0,2.42,0.00,5.29
2025-02-22 07:00:00,2025-02-22 08:00:00,DL,205,205,0,0,2.33,0.00,8.29
2025-02-22 07:00:00,2025-02-22 08:00:00,WN,206,204,1,1,-1.41,0.49,3.41
2025-02-22 07:00:00,2025-02-22 08:00:00,UA,184,183,0,1,0.22,0.00,7.07
2025-02-22 08:00:00,2025-02-22 09:00:00,DL,148,148,0,0,7.57,0.00,12.16
2025-02-22 08:00:00,2025-02-22 09:00:00,WN,240,238,2,0,2.69,0.83,8.40
2025-02-22 08:00:00,2025-02-22 09:00:00,UA,169,168,0,1,1.30,0.00,7.69
2025-02-22 08:00:00,2025-02-22 09:00:00,AA,180,180,0,0,6.75,0.00,12.78
2025-02-22 09:00:00,2025-02-22 10:00:00,AA,117,117,0,0,20.55,0.00,11.97
2025-02-22 09:00:00,2025-02-22 10:00:00,WN,191,190,1,0,1.09,0.52,6.32
2025-02-22 09:00:00,2025-02-22 10:00:00,DL,123,123,0,0,2.44,0.00,9.76
2025-02-22 09:00:00,2025-02-22 10:00:00,UA,126,126,0,0,1.42,0.00,5.56
2025-02-22 10:00:00,2025-02-22 11:00:00,AA,124,124,0,0,10.10,0.00,17.74
2025-02-22 10:00:00,2025-02-22 11:00:00,DL,123,123,0,0,1.17,0.00,9.76
2025-02-22 10:00:00,2025-02-22 11:00:00,WN,234,234,0,0,2.94,0.00,10.68
2025-02-22 10:00:00,2025-02-22 11:00:00,UA,116,116,0,0,3.47,0.00,10.34
2025-02-22 11:00:00,2025-02-22 12:00:00,DL,169,169,0,0,3.24,0.00,13.02
2025-02-22 11:00:00,2025-02-22 12:00:00,UA,113,113,0,0,8.57,0.00,9.73
2025-02-22 11:00:00,2025-02-22 12:00:00,AA,142,142,0,0,4.56,0.00,11.97
2025-02-22 11:00:00,2025-02-22 12:00:00,WN,208,208,0,0,1.53,0.00,8.17
2025-02-22 12:00:00,2025-02-22 13:00:00,UA,105,105,0,0,2.32,0.00,8.57
2025-02-22 12:00:00,2025-02-22 13:00:00,AA,133,133,0,0,8.05,0.00,18.80
2025-02-22 12:00:00,2025-02-22 13:00:00,DL,154,154,0,0,5.44,0.00,11.04
2025-02-22 12:00:00,2025-02-22 13:00:00,WN,200,200,0,0,4.39,0.00,11.00
2025-02-22 13:00:00,2025-02-22 14:00:00,AA,117,117,0,0,17.01,0.00,17.09
2025-02-22 13:00:00,2025-02-22 14:00:00,WN,198,196,0,2,5.72,0.00,13.64
2025-02-22 13:00:00,2025-02-22 14:00:00,DL,126,126,0,0,3.63,0.00,15.08
2025-02-22 13:00:00,2025-02-22 14:00:00,UA,124,124,0,0,0.11,0.00,6.45
2025-02-22 14:00:00,2025-02-22 15:00:00,AA,142,142,0,0,14.94,0.00,18.31
2025-02-22 14:00:00,2025-02-22 15:00:00,UA,120,120,0,0,11.25,0.00,13.33
2025-02-22 14:00:00,2025-02-22 15:00:00,WN,223,220,1,2,6.55,0.45,18.92
2025-02-22 14:00:00,2025-02-22 15:00:00,DL,121,121,0,0,10.84,0.00,14.88
2025-02-22 15:00:00,2025-02-22 16:00:00,UA,78,78,0,0,0.65,0.00,11.54
2025-02-22 15:00:00,2025-02-22 16:00:00,AA,109,109,0,0,12.13,0.00,22.02
2025-02-22 15:00:00,2025-02-22 16:00:00,DL,151,151,0,0,6.11,0.00,13.25
2025-02-22 15:00:00,2025-02-22 16:00:00,WN,221,221,0,0,7.80,0.00,17.19
2025-02-22 16:00:00,2025-02-22 17:00:00,AA,142,142,0,0,6.58,0.00,16.90
2025-02-22 16:00:00,2025-02-22 17:00:00,WN,191,191,0,0,7.60,0.00,19.90
2025-02-22 16:00:00,2025-02-22 17:00:00,DL,104,104,0,0,14.65,0.00,15.38
2025-02-22 16:00:00,2025-02-22 17:00:00,UA,120,120,0,0,2.70,0.00,9.17
2025-02-22 17:00:00,2025-02-22 18:00:00,AA,135,135,0,0,11.43,0.00,23.70
2025-02-22 17:00:00,2025-02-22 18:00:00,DL,151,151,0,0,2.93,0.00,9.27
2025-02-22 17:00:00,2025-02-22 18:00:00,WN,216,216,0,0,8.98,0.00,19.44
2025-02-22 17:00:00,2025-02-22 18:00:00,UA,128,128,0,0,6.32,0.00,11.72
2025-02-22 18:00:00,2025-02-22 19:00:00,DL,114,114,0,0,3.26,0.00,14.04
2025-02-22 18:00:00,2025-02-22 19:00:00,UA,112,111,1,0,6.73,0.89,19.82
2025-02-22 18:00:00,2025-02-22 19:00:00,AA,133,132,0,1,8.41,0.00,22.56
2025-02-22 18:00:00,2025-02-22 19:00:00,WN,226,226,0,0,6.50,0.00,19.03
2025-02-22 19:00:00,2025-02-22 20:00:00,UA,105,105,0,0,5.58,0.00,14.29
2025-02-22 19:00:00,2025-02-22 20:00:00,AA,111,111,0,0,9.45,0.00,21.62
2025-02-22 19:00:00,2025-02-22 20:00:00,DL,90,90,0,0,5.16,0.00,14.44
2025-02-22 19:00:00,2025-02-22 20:00:00,WN,234,234,0,0,5.32,0.00,15.81
2025-02-22 20:00:00,2025-02-22 21:00:00,AA,108,108,0,0,9.47,0.00,20.37
2025-02-22 20:00:00,2025-02-22 21:00:00,WN,150,149,0,1,5.13,0.00,16.67
2025-02-22 20:00:00,2025-02-22 21:00:00,DL,70,70,0,0,-1.01,0.00,8.57
2025-02-22 20:00:00,2025-02-22 21:00:00,UA,63,63,0,0,8.78,0.00,23.81
2025-02-22 21:00:00,2025-02-22 22:00:00,AA,77,76,1,0,9.47,1.30,25.00
2025-02-22 21:00:00,2025-02-22 22:00:00,DL,62,62,0,0,2.97,0.00,11.29
2025-02-22 21:00:00,2025-02-22 22:00:00,UA,28,28,0,0,8.04,0.00,17.86
2025-02-22 21:00:00,2025-02-22 22:00:00,WN,105,105,0,0,7.44,0.00,16.19
2025-02-22 22:00:00,2025-02-22 23:00:00,DL,70,70,0,0,3.83,0.00,17.14
2025-02-22 22:00:00,2025-02-22 23:00:00,AA,64,64,0,0,4.14,0.00,14.06
2025-02-22 22:00:00,2025-02-22 23:00:00,WN,5,5,0,0,3.40,0.00,0.00
2025-02-22 22:00:00,2025-02-22 23:00:00,UA,32,32,0,0,-1.50,0.00,12.50
2025-02-22 23:00:00,2025-02-23 00:00:00,AA,21,21,0,0,31.57,0.00,9.52
2025-02-22 23:00:00,2025-02-23 00:00:00,DL,19,19,0,0,1.58,0.00,10.53
2025-02-22 23:00:00,2025-02-23 00:00:00,UA,26,25,1,0,8.72,3.85,12.00
2025-02-22 23:00:00,2025-02-23 00:00:00,WN,2,1,1,0,15.00,50.00,0.00
2025-02-23 00:00:00,2025-02-23 01:00:00,DL,1,1,0,0,-4.00,0.00,0.00
2025-02-23 00:00:00,2025-02-23 01:00:00,UA,4,4,0,0,-1.25,0.00,0.00
2025-02-23 00:00:00,2025-02-23 01:00:00,AA,9,9,0,0,27.11,0.00,22.22
2025-02-23 01:00:00,2025-02-23 02:00:00,DL,2,2,0,0,-9.00,0.00,0.00
2025-02-23 01:00:00,2025-02-23 02:00:00,UA,1,1,0,0,-14.00,0.00,0.00
2025-02-23 02:00:00,2025-02-23 03:00:00,UA,1,1,0,0,-8.00,0.00,0.00
2025-02-23 05:00:00,2025-02-23 06:00:00,AA,103,102,1,0,-4.34,0.97,2.94
2025-02-23 05:00:00,2025-02-23 06:00:00,UA,29,29,0,0,-4.03,0.00,3.45
2025-02-23 05:00:00,2025-02-23 06:00:00,DL,69,69,0,0,-4.65,0.00,2.90
2025-02-23 05:00:00,2025-02-23 06:00:00,WN,182,182,0,0,-0.93,0.00,3.30
2025-02-23 06:00:00,2025-02-23 07:00:00,UA,125,125,0,0,-1.93,0.00,4.80
2025-02-23 06:00:00,2025-02-23 07:00:00,AA,183,183,0,0,1.81,0.00,4.92
2025-02-23 06:00:00,2025-02-23 07:00:00,DL,175,175,0,0,0.76,0.00,7.43
2025-02-23 06:00:00,2025-02-23 07:00:00,WN,296,296,0,0,-1.28,0.00,3.72
2025-02-23 07:00:00,2025-02-23 08:00:00,WN,200,200,0,0,-1.88,0.00,4.00
2025-02-23 07:00:00,2025-02-23 08:00:00,AA,204,204,0,0,3.01,0.00,6.37
2025-02-23 07:00:00,2025-02-23 08:00:00,DL,233,233,0,0,0.91,0.00,6.44
2025-02-23 07:00:00,2025-02-23 08:00:00,UA,195,194,0,1,0.21,0.00,5.64
2025-02-23 08:00:00,2025-02-23 09:00:00,UA,182,182,0,0,4.62,0.00,8.79
2025-02-23 08:00:00,2025-02-23 09:00:00,WN,277,277,0,0,-1.53,0.00,3.97
2025-02-23 08:00:00,2025-02-23 09:00:00,AA,196,196,0,0,0.12,0.00,6.63
2025-02-23 08:00:00,2025-02-23 09:00:00,DL,181,181,0,0,1.61,0.00,9.39
2025-02-23 09:00:00,2025-02-23 10:00:00,AA,134,134,0,0,4.18,0.00,9.70
2025-02-23 09:00:00,2025-02-23 10:00:00,WN,219,219,0,0,0.56,0.00,6.39
2025-02-23 09:00:00,2025-02-23 10:00:00,DL,126,126,0,0,0.87,0.00,9.52
2025-02-23 09:00:00,2025-02-23 10:00:00,UA,135,134,0,1,4.11,0.00,8.89
2025-02-23 10:00:00,2025-02-23 11:00:00,UA,126,126,0,0,2.06,0.00,11.90
2025-02-23 10:00:00,2025-02-23 11:00:00,AA,144,144,0,0,2.99,0.00,7.64
2025-02-23 10:00:00,2025-02-23 11:00:00,DL,159,159,0,0,0.57,0.00,8.18
2025-02-23 10:00:00,2025-02-23 11:00:00,WN,230,230,0,0,3.23,0.00,6.96
2025-02-23 11:00:00,2025-02-23 12:00:00,UA,126,126,0,0,3.60,0.00,11.90
2025-02-23 11:00:00,2025-02-23 12:00:00,AA,167,167,0,0,4.52,0.00,11.98
2025-02-23 11:00:00,2025-02-23 12:00:00,DL,188,188,0,0,-0.10,0.00,8.51
2025-02-23 11:00:00,2025-02-23 12:00:00,WN,224,223,0,1,1.69,0.00,9.82
2025-02-23 12:00:00,2025-02-23 13:00:00,WN,234,234,0,0,6.33,0.00,14.96
2025-02-23 12:00:00,2025-02-23 13:00:00,AA,139,139,0,0,10.77,0.00,16.55
2025-02-23 12:00:00,2025-02-23 13:00:00,DL,182,182,0,0,7.08,0.00,10.44
2025-02-23 12:00:00,2025-02-23 13:00:00,UA,115,115,0,0,6.88,0.00,16.52
2025-02-23 13:00:00,2025-02-23 14:00:00,AA,143,143,0,0,12.73,0.00,16.08
2025-02-23 13:00:00,2025-02-23 14:00:00,DL,145,145,0,0,13.67,0.00,14.48
2025-02-23 13:00:00,2025-02-23 14:00:00,UA,144,144,0,0,5.86,0.00,13.19
2025-02-23 13:00:00,2025-02-23 14:00:00,WN,229,229,0,0,6.04,0.00,13.97
2025-02-23 14:00:00,2025-02-23 15:00:00,WN,228,228,0,0,8.75,0.00,18.42
2025-02-23 14:00:00,2025-02-23 15:00:00,AA,157,157,0,0,7.93,0.00,14.65
2025-02-23 14:00:00,2025-02-23 15:00:00,DL,139,139,0,0,7.12,0.00,15.11
2025-02-23 14:00:00,2025-02-23 15:00:00,UA,125,125,0,0,7.06,0.00,12.80
2025-02-23 15:00:00,2025-02-23 16:00:00,DL,183,183,0,0,1.78,0.00,10.93
2025-02-23 15:00:00,2025-02-23 16:00:00,UA,85,85,0,0,6.96,0.00,14.12
2025-02-23 15:00:00,2025-02-23 16:00:00,AA,129,129,0,0,16.47,0.00,26.36
2025-02-23 15:00:00,2025-02-23 16:00:00,WN,239,239,0,0,8.49,0.00,20.92
2025-02-23 16:00:00,2025-02-23 17:00:00,AA,153,153,0,0,7.72,0.00,15.69
2025-02-23 16:00:00,2025-02-23 17:00:00,DL,143,143,0,0,0.71,0.00,10.49
2025-02-23 16:00:00,2025-02-23 17:00:00,UA,139,139,0,0,5.75,0.00,12.95
2025-02-23 16:00:00,2025-02-23 17:00:00,WN,224,224,0,0,9.60,0.00,21.88
2025-02-23 17:00:00,2025-02-23 18:00:00,WN,242,242,0,0,8.57,0.00,19.01
2025-02-23 17:00:00,2025-02-23 18:00:00,AA,164,164,0,0,20.90,0.00,23.78
2025-02-23 17:00:00,2025-02-23 18:00:00,DL,175,174,1,0,9.70,0.57,16.09
2025-02-23 17:00:00,2025-02-23 18:00:00,UA,142,140,2,0,7.40,1.41,15.71
2025-02-23 18:00:00,2025-02-23 19:00:00,AA,163,162,1,0,20.34,0.61,27.16
2025-02-23 18:00:00,2025-02-23 19:00:00,UA,153,153,0,0,8.18,0.00,22.22
2025-02-23 18:00:00,2025-02-23 19:00:00,DL,159,159,0,0,5.20,0.00,16.35
2025-02-23 18:00:00,2025-02-23 19:00:00,WN,205,205,0,0,6.31,0.00,18.05
2025-02-23 19:00:00,2025-02-23 20:00:00,WN,239,239,0,0,7.41,0.00,20.50
2025-02-23 19:00:00,2025-02-23 20:00:00,UA,134,134,0,0,6.69,0.00,14.93
2025-02-23 19:00:00,2025-02-23 20:00:00,AA,162,162,0,0,17.57,0.00,24.07
2025-02-23 19:00:00,2025-02-23 20:00:00,DL,166,166,0,0,6.61,0.00,19.28
2025-02-23 20:00:00,2025-02-23 21:00:00,WN,263,263,0,0,7.87,0.00,18.63
2025-02-23 20:00:00,2025-02-23 21:00:00,AA,127,127,0,0,23.87,0.00,34.65
2025-02-23 20:00:00,2025-02-23 21:00:00,DL,103,103,0,0,6.59,0.00,21.36
2025-02-23 20:00:00,2025-02-23 21:00:00,UA,82,82,0,0,12.65,0.00,12.20
2025-02-23 21:00:00,2025-02-23 22:00:00,UA,48,48,0,0,6.60,0.00,18.75
2025-02-23 21:00:00,2025-02-23 22:00:00,WN,140,140,0,0,4.81,0.00,12.14
2025-02-23 21:00:00,2025-02-23 22:00:00,AA,93,93,0,0,11.98,0.00,25.81
2025-02-23 21:00:00,2025-02-23 22:00:00,DL,95,95,0,0,8.65,0.00,16.84
2025-02-23 22:00:00,2025-02-23 23:00:00,AA,99,99,0,0,13.29,0.00,21.21
2025-02-23 22:00:00,2025-02-23 23:00:00,UA,32,32,0,0,0.66,0.00,3.12
2025-02-23 22:00:00,2025-02-23 23:00:00,WN,143,142,1,0,3.96,0.70,20.42
2025-02-23 22:00:00,2025-02-23 23:00:00,DL,93,93,0,0,7.39,0.00,11.83
2025-02-23 23:00:00,2025-02-24 00:00:00,WN,3,3,0,0,-6.67,0.00,0.00
2025-02-23 23:00:00,2025-02-24 00:00:00,AA,31,31,0,0,21.87,0.00,16.13
2025-02-23 23:00:00,2025-02-24 00:00:00,DL,26,26,0,0,34.12,0.00,15.38
2025-02-23 23:00:00,2025-02-24 00:00:00,UA,36,35,1,0,-0.69,2.78,5.71
2025-02-24 00:00:00,2025-02-24 01:00:00,AA,12,11,1,0,-2.73,8.33,0.00
2025-02-24 00:00:00,2025-02-24 01:00:00,DL,5,5,0,0,-6.40,0.00,0.00
2025-02-24 00:00:00,2025-02-24 01:00:00,UA,3,3,0,0,-3.33,0.00,0.00
2025-02-24 01:00:00,2025-02-24 02:00:00,DL,2,2,0,0,-7.50,0.00,0.00
2025-02-24 01:00:00,2025-02-24 02:00:00,UA,1,1,0,0,-10.00,0.00,0.00
2025-02-24 02:00:00,2025-02-24 03:00:00,UA,1,1,0,0,1.00,0.00,0.00
2025-02-24 05:00:00,2025-02-24 06:00:00,UA,31,31,0,0,1.29,0.00,6.45
2025-02-24 05:00:00,2025-02-24 06:00:00,WN,99,98,0,1,-2.32,0.00,3.03
2025-02-24 05:00:00,2025-02-24 06:00:00,DL,69,69,0,0,4.28,0.00,8.70
2025-02-24 05:00:00,2025-02-24 06:00:00,AA,103,103,0,0,8.93,0.00,9.71
2025-02-24 06:00:00,2025-02-24 07:00:00,AA,188,188,0,0,17.03,0.00,5.85
2025-02-24 06:00:00,2025-02-24 07:00:00,UA,125,124,0,1,-3.45,0.00,5.60
2025-02-24 06:00:00,2025-02-24 07:00:00,WN,307,305,0,2,-0.26,0.00,3.26
2025-02-24 06:00:00,2025-02-24 07:00:00,DL,187,187,0,0,-1.20,0.00,5.35
2025-02-24 07:00:00,2025-02-24 08:00:00,AA,209,209,0,0,6.51,0.00,11.48
2025-02-24 07:00:00,2025-02-24 08:00:00,UA,199,199,0,0,-2.20,0.00,4.02
2025-02-24 07:00:00,2025-02-24 08:00:00,WN,214,214,0,0,-0.94,0.00,4.67
2025-02-24 07:00:00,2025-02-24 08:00:00,DL,234,234,0,0,2.93,0.00,7.69
2025-02-24 08:00:00,2025-02-24 09:00:00,AA,198,198,0,0,3.24,0.00,10.61
2025-02-24 08:00:00,2025-02-24 09:00:00,WN,270,270,0,0,-0.01,0.00,5.19
2025-02-24 08:00:00,2025-02-24 09:00:00,UA,193,192,0,1,1.18,0.00,5.70
2025-02-24 08:00:00,2025-02-24 09:00:00,DL,174,173,1,0,1.55,0.57,7.51
2025-02-24 09:00:00,2025-02-24 10:00:00,AA,136,135,0,1,8.41,0.00,13.97
2025-02-24 09:00:00,2025-02-24 10:00:00,DL,126,124,0,2,1.49,0.00,11.90
2025-02-24 09:00:00,2025-02-24 10:00:00,WN,218,218,0,0,0.80,0.00,6.42
2025-02-24 09:00:00,2025-02-24 10:00:00,UA,138,138,0,0,0.91,0.00,10.87
2025-02-24 10:00:00,2025-02-24 11:00:00,DL,160,159,1,0,1.45,0.62,9.43
2025-02-24 10:00:00,2025-02-24 11:00:00,UA,128,127,0,1,0.61,0.00,7.81
2025-02-24 10:00:00,2025-02-24 11:00:00,AA,141,141,0,0,6.13,0.00,17.02
2025-02-24 10:00:00,2025-02-24 11:00:00,WN,233,233,0,0,1.85,0.00,7.30
2025-02-24 11:00:00,2025-02-24 12:00:00,AA,167,167,0,0,6.17,0.00,11.98
2025-02-24 11:00:00,2025-02-24 12:00:00,WN,224,223,1,0,2.17,0.45,7.17
2025-02-24 11:00:00,2025-02-24 12:00:00,DL,189,188,1,0,4.09,0.53,12.77
2025-02-24 11:00:00,2025-02-24 12:00:00,UA,127,126,1,0,-0.20,0.79,6.35
2025-02-24 12:00:00,2025-02-24 13:00:00,AA,138,137,0,1,11.38,0.00,19.57
2025-02-24 12:00:00,2025-02-24 13:00:00,DL,181,181,0,0,8.77,0.00,17.68
2025-02-24 12:00:00,2025-02-24 13:00:00,WN,231,230,1,0,5.31,0.43,11.30
2025-02-24 12:00:00,2025-02-24 13:00:00,UA,124,124,0,0,0.15,0.00,6.45
2025-02-24 13:00:00,2025-02-24 14:00:00,DL,147,147,0,0,7.59,0.00,17.01
2025-02-24 13:00:00,2025-02-24 14:00:00,UA,144,144,0,0,4.48,0.00,15.28
2025-02-24 13:00:00,2025-02-24 14:00:00,AA,142,142,0,0,10.09,0.00,19.72
2025-02-24 13:00:00,2025-02-24 14:00:00,WN,243,243,0,0,4.32,0.00,12.76
2025-02-24 14:00:00,2025-02-24 15:00:00,AA,152,151,0,1,5.49,0.00,17.11
2025-02-24 14:00:00,2025-02-24 15:00:00,WN,226,225,1,0,3.01,0.44,10.67
2025-02-24 14:00:00,2025-02-24 15:00:00,DL,137,137,0,0,10.80,0.00,17.52
2025-02-24 14:00:00,2025-02-24 15:00:00,UA,130,129,1,0,3.60,0.77,10.08
2025-02-24 15:00:00,2025-02-24 16:00:00,AA,123,123,0,0,12.19,0.00,24.39
2025-02-24 15:00:00,2025-02-24 16:00:00,DL,185,184,1,0,6.02,0.54,20.11
2025-02-24 15:00:00,2025-02-24 16:00:00,WN,228,228,0,0,7.66,0.00,17.11
2025-02-24 15:00:00,2025-02-24 16:00:00,UA,89,89,0,0,8.70,0.00,12.36
2025-02-24 16:00:00,2025-02-24 17:00:00,DL,142,142,0,0,6.63,0.00,16.90
2025-02-24 16:00:00,2025-02-24 17:00:00,UA,143,143,0,0,0.79,0.00,10.49
2025-02-24 16:00:00,2025-02-24 17:00:00,AA,147,147,0,0,28.24,0.00,21.09
2025-02-24 16:00:00,2025-02-24 17:00:00,WN,226,226,0,0,3.79,0.00,13.27
2025-02-24 17:00:00,2025-02-24 18:00:00,AA,157,157,0,0,9.56,0.00,20.38
2025-02-24 17:00:00,2025-02-24 18:00:00,WN,223,223,0,0,3.35,0.00,11.66
2025-02-24 17:00:00,2025-02-24 18:00:00,DL,173,173,0,0,5.55,0.00,16.76
2025-02-24 17:00:00,2025-02-24 18:00:00,UA,147,147,0,0,3.14,0.00,8.84
2025-02-24 18:00:00,2025-02-24 19:00:00,AA,151,151,0,0,15.03,0.00,19.87
2025-02-24 18:00:00,2025-02-24 19:00:00,DL,159,159,0,0,4.49,0.00,16.98
2025-02-24 18:00:00,2025-02-24 19:00:00,UA,154,154,0,0,2.92,0.00,9.74
2025-02-24 18:00:00,2025-02-24 19:00:00,WN,227,227,0,0,3.06,0.00,13.66
2025-02-24 19:00:00,2025-02-24 20:00:00,UA,132,132,0,0,0.27,0.00,6.82
2025-02-24 19:00:00,2025-02-24 20:00:00,AA,127,124,0,3,16.12,0.00,22.83
2025-02-24 19:00:00,2025-02-24 20:00:00,WN,269,267,0,2,3.88,0.00,15.24
2025-02-24 19:00:00,2025-02-24 20:00:00,DL,165,165,0,0,5.56,0.00,17.58
2025-02-24 20:00:00,2025-02-24 21:00:00,AA,116,116,0,0,17.13,0.00,24.14
2025-02-24 20:00:00,2025-02-24 21:00:00,WN,180,180,0,0,0.83,0.00,10.56
2025-02-24 20:00:00,2025-02-24 21:00:00,DL,102,102,0,0,3.58,0.00,16.67
2025-02-24 20:00:00,2025-02-24 21:00:00,UA,79,79,0,0,1.13,0.00,8.86
2025-02-24 21:00:00,2025-02-24 22:00:00,AA,81,81,0,0,12.27,0.00,18.52
2025-02-24 21:00:00,2025-02-24 22:00:00,DL,94,92,0,2,5.55,0.00,18.09
2025-02-24 21:00:00,2025-02-24 22:00:00,UA,42,42,0,0,-2.05,0.00,9.52
2025-02-24 21:00:00,2025-02-24 22:00:00,WN,146,146,0,0,-2.17,0.00,3.42
2025-02-24 22:00:00,2025-02-24 23:00:00,DL,93,93,0,0,0.75,0.00,10.75
2025-02-24 22:00:00,2025-02-24 23:00:00,AA,71,70,0,1,10.68,0.00,12.68
2025-02-24 22:00:00,2025-02-24 23:00:00,UA,33,33,0,0,-1.64,0.00,15.15
2025-02-24 22:00:00,2025-02-24 23:00:00,WN,5,5,0,0,-3.80,0.00,0.00
2025-02-24 23:00:00,2025-02-25 00:00:00,AA,27,27,0,0,-4.33,0.00,0.00
2025-02-24 23:00:00,2025-02-25 00:00:00,DL,26,26,0,0,-0.65,0.00,7.69
2025-02-24 23:00:00,2025-02-25 00:00:00,UA,34,34,0,0,-5.15,0.00,2.94
2025-02-24 23:00:00,2025-02-25 00:00:00,WN,2,2,0,0,-6.50,0.00,0.00
2025-02-25 00:00:00,2025-02-25 01:00:00,UA,3,3,0,0,-6.00,0.00,0.00
2025-02-25 00:00:00,2025-02-25 01:00:00,AA,9,9,0,0,-9.00,0.00,0.00
2025-02-25 00:00:00,2025-02-25 01:00:00,DL,4,4,0,0,-9.25,0.00,0.00
2025-02-25 01:00:00,2025-02-25 02:00:00,UA,1,1,0,0,3.00,0.00,0.00
2025-02-25 01:00:00,2025-02-25 02:00:00,DL,2,2,0,0,-7.50,0.00,0.00
2025-02-25 02:00:00,2025-02-25 03:00:00,UA,1,1,0,0,3.00,0.00,0.00
2025-02-25 05:00:00,2025-02-25 06:00:00,UA,28,28,0,0,-2.29,0.00,10.71
2025-02-25 05:00:00,2025-02-25 06:00:00,AA,83,83,0,0,32.46,0.00,10.84
2025-02-25 05:00:00,2025-02-25 06:00:00,WN,30,29,1,0,-0.72,3.33,3.45
2025-02-25 05:00:00,2025-02-25 06:00:00,DL,69,69,0,0,-5.01,0.00,4.35
2025-02-25 06:00:00,2025-02-25 07:00:00,WN,223,221,0,2,-3.07,0.00,2.24
2025-02-25 06:00:00,2025-02-25 07:00:00,AA,179,179,0,0,-1.88,0.00,5.59
2025-02-25 06:00:00,2025-02-25 07:00:00,UA,119,118,0,1,-5.47,0.00,2.52
2025-02-25 06:00:00,2025-02-25 07:00:00,DL,184,184,0,0,0.28,0.00,5.43
2025-02-25 07:00:00,2025-02-25 08:00:00,UA,180,179,0,1,-3.27,0.00,5.00
2025-02-25 07:00:00,2025-02-25 08:00:00,WN,191,191,0,0,-2.26,0.00,4.71
2025-02-25 07:00:00,2025-02-25 08:00:00,AA,173,172,0,1,4.36,0.00,4.62
2025-02-25 07:00:00,2025-02-25 08:00:00,DL,230,230,0,0,1.48,0.00,6.09
2025-02-25 08:00:00,2025-02-25 09:00:00,DL,175,175,0,0,-3.06,0.00,4.00
2025-02-25 08:00:00,2025-02-25 09:00:00,UA,186,186,0,0,-2.68,0.00,5.38
2025-02-25 08:00:00,2025-02-25 09:00:00,AA,198,198,0,0,2.99,0.00,7.07
2025-02-25 08:00:00,2025-02-25 09:00:00,WN,246,246,0,0,-0.87,0.00,5.28
2025-02-25 09:00:00,2025-02-25 10:00:00,AA,134,134,0,0,3.31,0.00,8.96
2025-02-25 09:00:00,2025-02-25 10:00:00,DL,122,122,0,0,-1.55,0.00,7.38
2025-02-25 09:00:00,2025-02-25 10:00:00,WN,234,234,0,0,3.34,0.00,8.12
2025-02-25 09:00:00,2025-02-25 10:00:00,UA,133,133,0,0,-1.21,0.00,4.51
2025-02-25 10:00:00,2025-02-25 11:00:00,DL,153,153,0,0,1.18,0.00,6.54
2025-02-25 10:00:00,2025-02-25 11:00:00,UA,125,125,0,0,1.30,0.00,8.80
2025-02-25 10:00:00,2025-02-25 11:00:00,AA,134,134,0,0,1.17,0.00,10.45
2025-02-25 10:00:00,2025-02-25 11:00:00,WN,202,202,0,0,-0.33,0.00,5.45
2025-02-25 11:00:00,2025-02-25 12:00:00,AA,161,161,0,0,1.72,0.00,7.45
2025-02-25 11:00:00,2025-02-25 12:00:00,WN,264,262,1,1,1.13,0.38,7.98
2025-02-25 11:00:00,2025-02-25 12:00:00,DL,185,185,0,0,4.11,0.00,12.43
2025-02-25 11:00:00,2025-02-25 12:00:00,UA,129,128,1,0,-0.76,0.78,1.56
2025-02-25 12:00:00,2025-02-25 13:00:00,AA,128,127,1,0,0.38,0.78,7.87
2025-02-25 12:00:00,2025-02-25 13:00:00,DL,170,170,0,0,-2.21,0.00,5.88
2025-02-25 12:00:00,2025-02-25 13:00:00,WN,183,183,0,0,1.42,0.00,10.38
2025-02-25 12:00:00,2025-02-25 13:00:00,UA,120,120,0,0,-2.10,0.00,5.00
2025-02-25 13:00:00,2025-02-25 14:00:00,DL,142,142,0,0,-0.94,0.00,8.45
2025-02-25 13:00:00,2025-02-25 14:00:00,UA,139,139,0,0,2.82,0.00,8.63
2025-02-25 13:00:00,2025-02-25 14:00:00,AA,140,139,0,1,5.30,0.00,10.71
2025-02-25 13:00:00,2025-02-25 14:00:00,WN,241,238,3,0,0.77,1.24,5.04
2025-02-25 14:00:00,2025-02-25 15:00:00,AA,149,149,0,0,5.64,0.00,14.09
2025-02-25 14:00:00,2025-02-25 15:00:00,WN,220,220,0,0,2.22,0.00,7.73
2025-02-25 14:00:00,2025-02-25 15:00:00,DL,121,121,0,0,-2.59,0.00,4.96
2025-02-25 14:00:00,2025-02-25 15:00:00,UA,122,121,1,0,2.19,0.82,9.09
2025-02-25 15:00:00,2025-02-25 16:00:00,AA,119,119,0,0,12.88,0.00,10.92
2025-02-25 15:00:00,2025-02-25 16:00:00,DL,177,177,0,0,1.26,0.00,9.04
2025-02-25 15:00:00,2025-02-25 16:00:00,WN,231,231,0,0,1.96,0.00,12.12
2025-02-25 15:00:00,2025-02-25 16:00:00,UA,86,86,0,0,5.05,0.00,8.14
2025-02-25 16:00:00,2025-02-25 17:00:00,DL,122,122,0,0,-1.55,0.00,7.38
2025-02-25 16:00:00,2025-02-25 17:00:00,UA,132,131,1,0,0.20,0.76,5.34
2025-02-25 16:00:00,2025-02-25 17:00:00,AA,146,146,0,0,9.23,0.00,11.64
2025-02-25 16:00:00,2025-02-25 17:00:00,WN,209,209,0,0,2.45,0.00,8.13
2025-02-25 17:00:00,2025-02-25 18:00:00,AA,142,142,0,0,6.27,0.00,16.90
2025-02-25 17:00:00,2025-02-25 18:00:00,WN,199,198,0,1,4.33,0.00,19.10
2025-02-25 17:00:00,2025-02-25 18:00:00,DL,167,167,0,0,-0.26,0.00,7.19
2025-02-25 17:00:00,2025-02-25 18:00:00,UA,137,137,0,0,2.86,0.00,12.41
2025-02-25 18:00:00,2025-02-25 19:00:00,AA,147,147,0,0,23.80,0.00,16.33
2025-02-25 18:00:00,2025-02-25 19:00:00,DL,147,147,0,0,-2.30,0.00,8.16
2025-02-25 18:00:00,2025-02-25 19:00:00,WN,266,266,0,0,1.81,0.00,10.15
2025-02-25 18:00:00,2025-02-25 19:00:00,UA,131,130,1,0,2.83,0.76,13.85
2025-02-25 19:00:00,2025-02-25 20:00:00,DL,117,116,0,1,-3.83,0.00,5.13
2025-02-25 19:00:00,2025-02-25 20:00:00,UA,117,117,0,0,1.52,0.00,11.11
2025-02-25 19:00:00,2025-02-25 20:00:00,AA,118,118,0,0,9.52,0.00,15.25
2025-02-25 19:00:00,2025-02-25 20:00:00,WN,122,121,0,1,-0.29,0.00,7.38
2025-02-25 20:00:00,2025-02-25 21:00:00,AA,108,108,0,0,3.96,0.00,13.89
2025-02-25 20:00:00,2025-02-25 21:00:00,DL,74,74,0,0,-1.24,0.00,8.11
2025-02-25 20:00:00,2025-02-25 21:00:00,UA,64,64,0,0,-0.89,0.00,3.12
2025-02-25 20:00:00,2025-02-25 21:00:00,WN,167,167,0,0,-1.21,0.00,5.99
2025-02-25 21:00:00,2025-02-25 22:00:00,UA,30,30,0,0,-1.83,0.00,6.67
2025-02-25 21:00:00,2025-02-25 22:00:00,WN,16,16,0,0,3.19,0.00,6.25
2025-02-25 21:00:00,2025-02-25 22:00:00,AA,74,73,0,1,9.82,0.00,10.81
2025-02-25 21:00:00,2025-02-25 22:00:00,DL,66,66,0,0,2.48,0.00,12.12
2025-02-25 22:00:00,2025-02-25 23:00:00,WN,2,2,0,0,-2.00,0.00,0.00
2025-02-25 22:00:00,2025-02-25 23:00:00,DL,85,85,0,0,-3.49,0.00,3.53
2025-02-25 22:00:00,2025-02-25 23:00:00,UA,25,25,0,0,-7.32,0.00,0.00
2025-02-25 22:00:00,2025-02-25 23:00:00,AA,62,62,0,0,4.60,0.00,17.74
2025-02-25 23:00:00,2025-02-26 00:00:00,AA,20,20,0,0,2.30,0.00,10.00
2025-02-25 23:00:00,2025-02-26 00:00:00,WN,2,2,0,0,-5.50,0.00,0.00
2025-02-25 23:00:00,2025-02-26 00:00:00,UA,25,24,1,0,-3.71,4.00,8.33
2025-02-25 23:00:00,2025-02-26 00:00:00,DL,20,20,0,0,-5.90,0.00,0.00
2025-02-26 00:00:00,2025-02-26 01:00:00,AA,9,9,0,0,-4.11,0.00,0.00
2025-02-26 00:00:00,2025-02-26 01:00:00,DL,2,2,0,0,-8.50,0.00,0.00
2025-02-26 00:00:00,2025-02-26 01:00:00,UA,2,2,0,0,-9.50,0.00,0.00
2025-02-26 01:00:00,2025-02-26 02:00:00,UA,1,1,0,0,12.00,0.00,0.00
2025-02-26 01:00:00,2025-02-26 02:00:00,DL,2,2,0,0,-4.00,0.00,0.00
2025-02-26 02:00:00,2025-02-26 03:00:00,UA,1,1,0,0,-12.00,0.00,0.00
2025-02-26 05:00:00,2025-02-26 06:00:00,WN,30,30,0,0,-3.53,0.00,0.00
2025-02-26 05:00:00,2025-02-26 06:00:00,AA,83,83,0,0,-0.25,0.00,4.82
2025-02-26 05:00:00,2025-02-26 06:00:00,DL,69,69,0,0,6.49,0.00,2.90
2025-02-26 05:00:00,2025-02-26 06:00:00,UA,27,27,0,0,-6.15,0.00,0.00
2025-02-26 06:00:00,2025-02-26 07:00:00,AA,177,177,0,0,-3.05,0.00,3.39
2025-02-26 06:00:00,2025-02-26 07:00:00,UA,121,120,1,0,-4.86,0.83,2.50
2025-02-26 06:00:00,2025-02-26 07:00:00,WN,223,223,0,0,-1.83,0.00,4.04
2025-02-26 06:00:00,2025-02-26 07:00:00,DL,183,182,1,0,-4.26,0.55,3.85
2025-02-26 07:00:00,2025-02-26 08:00:00,AA,174,174,0,0,-0.97,0.00,6.32
2025-02-26 07:00:00,2025-02-26 08:00:00,DL,227,227,0,0,-0.74,0.00,3.96
2025-02-26 07:00:00,2025-02-26 08:00:00,WN,191,191,0,0,-2.58,0.00,3.66
2025-02-26 07:00:00,2025-02-26 08:00:00,UA,177,177,0,0,-2.58,0.00,3.39
2025-02-26 08:00:00,2025-02-26 09:00:00,DL,177,176,0,1,0.08,0.00,4.52
2025-02-26 08:00:00,2025-02-26 09:00:00,UA,189,189,0,0,-3.65,0.00,3.17
2025-02-26 08:00:00,2025-02-26 09:00:00,AA,196,194,0,2,2.44,0.00,8.16
2025-02-26 08:00:00,2025-02-26 09:00:00,WN,246,246,0,0,-0.53,0.00,4.47
2025-02-26 09:00:00,2025-02-26 10:00:00,AA,132,132,0,0,2.59,0.00,6.06
2025-02-26 09:00:00,2025-02-26 10:00:00,WN,235,234,0,1,-0.24,0.00,2.55
2025-02-26 09:00:00,2025-02-26 10:00:00,DL,123,123,0,0,1.93,0.00,8.94
2025-02-26 09:00:00,2025-02-26 10:00:00,UA,138,138,0,0,5.34,0.00,10.87
2025-02-26 10:00:00,2025-02-26 11:00:00,AA,136,136,0,0,11.17,0.00,7.35
2025-02-26 10:00:00,2025-02-26 11:00:00,DL,156,155,0,1,3.12,0.00,5.77
2025-02-26 10:00:00,2025-02-26 11:00:00,WN,201,200,0,1,0.13,0.00,4.48
2025-02-26 10:00:00,2025-02-26 11:00:00,UA,120,120,0,0,0.53,0.00,8.33
2025-02-26 11:00:00,2025-02-26 12:00:00,DL,185,185,0,0,5.51,0.00,7.57
2025-02-26 11:00:00,2025-02-26 12:00:00,UA,128,128,0,0,0.12,0.00,6.25
2025-02-26 11:00:00,2025-02-26 12:00:00,AA,161,160,1,0,3.95,0.62,11.25
2025-02-26 11:00:00,2025-02-26 12:00:00,WN,265,265,0,0,0.77,0.00,7.17
2025-02-26 12:00:00,2025-02-26 13:00:00,AA,127,127,0,0,18.90,0.00,16.54
2025-02-26 12:00:00,2025-02-26 13:00:00,WN,182,182,0,0,1.01,0.00,9.34
2025-02-26 12:00:00,2025-02-26 13:00:00,DL,173,173,0,0,3.06,0.00,9.83
2025-02-26 12:00:00,2025-02-26 13:00:00,UA,122,122,0,0,3.61,0.00,7.38
2025-02-26 13:00:00,2025-02-26 14:00:00,AA,141,141,0,0,9.88,0.00,8.51
2025-02-26 13:00:00,2025-02-26 14:00:00,DL,145,145,0,0,-1.63,0.00,6.21
2025-02-26 13:00:00,2025-02-26 14:00:00,UA,143,143,0,0,6.12,0.00,6.99
2025-02-26 13:00:00,2025-02-26 14:00:00,WN,241,241,0,0,1.99,0.00,11.20
2025-02-26 14:00:00,2025-02-26 15:00:00,UA,123,123,0,0,-0.42,0.00,6.50
2025-02-26 14:00:00,2025-02-26 15:00:00,AA,146,146,0,0,7.55,0.00,15.07
2025-02-26 14:00:00,2025-02-26 15:00:00,WN,220,218,1,1,3.06,0.45,13.24
2025-02-26 14:00:00,2025-02-26 15:00:00,DL,121,121,0,0,0.70,0.00,9.09
2025-02-26 15:00:00,2025-02-26 16:00:00,AA,118,118,0,0,19.71,0.00,16.95
2025-02-26 15:00:00,2025-02-26 16:00:00,WN,231,231,0,0,1.42,0.00,8.23
2025-02-26 15:00:00,2025-02-26 16:00:00,DL,181,181,0,0,1.81,0.00,6.63
2025-02-26 15:00:00,2025-02-26 16:00:00,UA,91,91,0,0,2.56,0.00,12.09
2025-02-26 16:00:00,2025-02-26 17:00:00,AA,146,145,0,1,14.25,0.00,12.33
2025-02-26 16:00:00,2025-02-26 17:00:00,DL,122,122,0,0,3.35,0.00,10.66
2025-02-26 16:00:00,2025-02-26 17:00:00,WN,209,209,0,0,2.13,0.00,10.53
2025-02-26 16:00:00,2025-02-26 17:00:00,UA,136,136,0,0,2.35,0.00,8.09
2025-02-26 17:00:00,2025-02-26 18:00:00,DL,169,169,0,0,0.11,0.00,11.24
2025-02-26 17:00:00,2025-02-26 18:00:00,UA,140,140,0,0,3.49,0.00,9.29
2025-02-26 17:00:00,2025-02-26 18:00:00,AA,151,151,0,0,10.13,0.00,14.57
2025-02-26 17:00:00,2025-02-26 18:00:00,WN,199,199,0,0,3.50,0.00,10.05
2025-02-26 18:00:00,2025-02-26 19:00:00,UA,141,141,0,0,6.57,0.00,16.31
2025-02-26 18:00:00,2025-02-26 19:00:00,DL,146,146,0,0,17.45,0.00,14.38
2025-02-26 18:00:00,2025-02-26 19:00:00,AA,155,155,0,0,-0.07,0.00,7.10
2025-02-26 18:00:00,2025-02-26 19:00:00,WN,265,265,0,0,0.89,0.00,9.81
2025-02-26 19:00:00,2025-02-26 20:00:00,AA,125,125,0,0,3.18,0.00,10.40
2025-02-26 19:00:00,2025-02-26 20:00:00,WN,122,122,0,0,2.21,0.00,10.66
2025-02-26 19:00:00,2025-02-26 20:00:00,DL,120,118,0,2,-1.24,0.00,7.50
2025-02-26 19:00:00,2025-02-26 20:00:00,UA,125,125,0,0,2.04,0.00,8.80
2025-02-26 20:00:00,2025-02-26 21:00:00,AA,112,111,0,1,3.85,0.00,13.39
2025-02-26 20:00:00,2025-02-26 21:00:00,DL,75,75,0,0,2.68,0.00,13.33
2025-02-26 20:00:00,2025-02-26 21:00:00,UA,78,78,0,0,1.87,0.00,14.10
2025-02-26 20:00:00,2025-02-26 21:00:00,WN,167,167,0,0,-0.07,0.00,8.38
2025-02-26 21:00:00,2025-02-26 22:00:00,UA,35,35,0,0,-2.40,0.00,2.86
2025-02-26 21:00:00,2025-02-26 22:00:00,AA,85,85,0,0,0.28,0.00,5.88
2025-02-26 21:00:00,2025-02-26 22:00:00,WN,16,16,0,0,-1.31,0.00,6.25
2025-02-26 21:00:00,2025-02-26 22:00:00,DL,68,68,0,0,-2.53,0.00,5.88
2025-02-26 22:00:00,2025-02-26 23:00:00,WN,2,2,0,0,0.50,0.00,0.00
2025-02-26 22:00:00,2025-02-26 23:00:00,AA,67,66,0,1,17.84,0.00,10.45
2025-02-26 22:00:00,2025-02-26 23:00:00,DL,87,86,0,1,12.20,0.00,11.49
2025-02-26 22:00:00,2025-02-26 23:00:00,UA,30,29,0,1,-2.40,0.00,3.33
2025-02-26 23:00:00,2025-02-27 00:00:00,AA,24,24,0,0,-0.67,0.00,8.33
2025-02-26 23:00:00,2025-02-27 00:00:00,DL,20,20,0,0,4.85,0.00,20.00
2025-02-26 23:00:00,2025-02-27 00:00:00,UA,32,32,0,0,-5.75,0.00,0.00
2025-02-26 23:00:00,2025-02-27 00:00:00,WN,2,2,0,0,-5.00,0.00,0.00
2025-02-27 00:00:00,2025-02-27 01:00:00,UA,2,2,0,0,-2.00,0.00,0.00
2025-02-27 00:00:00,2025-02-27 01:00:00,AA,9,9,0,0,-5.00,0.00,0.00
2025-02-27 00:00:00,2025-02-27 01:00:00,DL,2,2,0,0,11.50,0.00,50.00
2025-02-27 01:00:00,2025-02-27 02:00:00,DL,2,2,0,0,-3.00,0.00,0.00
2025-02-27 01:00:00,2025-02-27 02:00:00,UA,1,1,0,0,4.00,0.00,0.00
2025-02-27 02:00:00,2025-02-27 03:00:00,UA,1,1,0,0,-8.00,0.00,0.00
2025-02-27 05:00:00,2025-02-27 06:00:00,AA,104,104,0,0,5.76,0.00,4.81
2025-02-27 05:00:00,2025-02-27 06:00:00,UA,31,31,0,0,-3.58,0.00,6.45
2025-02-27 05:00:00,2025-02-27 06:00:00,WN,185,183,2,0,-0.26,1.08,3.28
2025-02-27 05:00:00,2025-02-27 06:00:00,DL,69,69,0,0,-2.12,0.00,5.80
2025-02-27 06:00:00,2025-02-27 07:00:00,DL,187,187,0,0,2.40,0.00,4.81
2025-02-27 06:00:00,2025-02-27 07:00:00,AA,184,184,0,0,1.26,0.00,5.98
2025-02-27 06:00:00,2025-02-27 07:00:00,WN,304,303,1,0,-1.89,0.33,2.64
2025-02-27 06:00:00,2025-02-27 07:00:00,UA,129,129,0,0,-1.62,0.00,6.20
2025-02-27 07:00:00,2025-02-27 08:00:00,DL,233,233,0,0,3.18,0.00,8.15
2025-02-27 07:00:00,2025-02-27 08:00:00,WN,198,198,0,0,-1.44,0.00,3.54
2025-02-27 07:00:00,2025-02-27 08:00:00,UA,200,200,0,0,-0.35,0.00,3.50
2025-02-27 07:00:00,2025-02-27 08:00:00,AA,209,208,1,0,2.66,0.48,7.21
2025-02-27 08:00:00,2025-02-27 09:00:00,UA,192,190,1,1,3.93,0.52,6.28
2025-02-27 08:00:00,2025-02-27 09:00:00,WN,273,272,1,0,-0.23,0.37,4.04
2025-02-27 08:00:00,2025-02-27 09:00:00,AA,197,195,1,1,1.69,0.51,6.63
2025-02-27 08:00:00,2025-02-27 09:00:00,DL,176,176,0,0,2.25,0.00,7.95
2025-02-27 09:00:00,2025-02-27 10:00:00,UA,140,140,0,0,11.01,0.00,9.29
2025-02-27 09:00:00,2025-02-27 10:00:00,AA,131,130,1,0,14.62,0.76,13.08
2025-02-27 09:00:00,2025-02-27 10:00:00,DL,126,126,0,0,-0.37,0.00,6.35
2025-02-27 09:00:00,2025-02-27 10:00:00,WN,217,216,0,1,0.97,0.00,7.83
2025-02-27 10:00:00,2025-02-27 11:00:00,AA,146,145,1,0,17.30,0.68,16.55
2025-02-27 10:00:00,2025-02-27 11:00:00,WN,232,232,0,0,3.00,0.00,9.91
2025-02-27 10:00:00,2025-02-27 11:00:00,DL,157,157,0,0,7.02,0.00,8.28
2025-02-27 10:00:00,2025-02-27 11:00:00,UA,127,126,1,0,1.95,0.79,7.94
2025-02-27 11:00:00,2025-02-27 12:00:00,AA,167,167,0,0,16.62,0.00,22.16
2025-02-27 11:00:00,2025-02-27 12:00:00,UA,128,128,0,0,2.35,0.00,10.16
2025-02-27 11:00:00,2025-02-27 12:00:00,WN,223,223,0,0,3.96,0.00,10.76
2025-02-27 11:00:00,2025-02-27 12:00:00,DL,193,192,0,1,4.21,0.00,8.29
2025-02-27 12:00:00,2025-02-27 13:00:00,AA,139,139,0,0,6.22,0.00,16.55
2025-02-27 12:00:00,2025-02-27 13:00:00,DL,178,178,0,0,4.33,0.00,9.55
2025-02-27 12:00:00,2025-02-27 13:00:00,UA,123,123,0,0,2.22,0.00,4.07
2025-02-27 12:00:00,2025-02-27 13:00:00,WN,235,235,0,0,6.07,0.00,15.74
2025-02-27 13:00:00,2025-02-27 14:00:00,WN,224,224,0,0,8.88,0.00,20.54
2025-02-27 13:00:00,2025-02-27 14:00:00,AA,143,143,0,0,28.20,0.00,23.78
2025-02-27 13:00:00,2025-02-27 14:00:00,DL,145,145,0,0,7.73,0.00,9.66
2025-02-27 13:00:00,2025-02-27 14:00:00,UA,144,144,0,0,3.54,0.00,11.81
2025-02-27 14:00:00,2025-02-27 15:00:00,AA,157,155,1,1,16.24,0.64,24.36
2025-02-27 14:00:00,2025-02-27 15:00:00,UA,130,129,1,0,2.91,0.77,13.18
2025-02-27 14:00:00,2025-02-27 15:00:00,DL,139,139,0,0,4.41,0.00,17.99
2025-02-27 14:00:00,2025-02-27 15:00:00,WN,230,230,0,0,8.35,0.00,19.57
2025-02-27 15:00:00,2025-02-27 16:00:00,UA,90,90,0,0,2.42,0.00,11.11
2025-02-27 15:00:00,2025-02-27 16:00:00,AA,126,126,0,0,24.34,0.00,20.63
2025-02-27 15:00:00,2025-02-27 16:00:00,DL,186,186,0,0,6.14,0.00,15.59
2025-02-27 15:00:00,2025-02-27 16:00:00,WN,238,238,0,0,9.32,0.00,22.69
2025-02-27 16:00:00,2025-02-27 17:00:00,AA,152,152,0,0,21.11,0.00,25.00
2025-02-27 16:00:00,2025-02-27 17:00:00,WN,221,221,0,0,10.48,0.00,24.89
2025-02-27 16:00:00,2025-02-27 17:00:00,DL,140,140,0,0,16.16,0.00,20.00
2025-02-27 16:00:00,2025-02-27 17:00:00,UA,140,140,0,0,6.55,0.00,10.71
2025-02-27 17:00:00,2025-02-27 18:00:00,AA,164,164,0,0,13.87,0.00,29.27
2025-02-27 17:00:00,2025-02-27 18:00:00,UA,148,148,0,0,4.36,0.00,10.81
2025-02-27 17:00:00,2025-02-27 18:00:00,WN,241,241,0,0,9.82,0.00,26.14
2025-02-27 17:00:00,2025-02-27 18:00:00,DL,175,175,0,0,5.93,0.00,14.29
2025-02-27 18:00:00,2025-02-27 19:00:00,AA,163,163,0,0,25.80,0.00,33.13
2025-02-27 18:00:00,2025-02-27 19:00:00,DL,161,161,0,0,7.65,0.00,16.77
2025-02-27 18:00:00,2025-02-27 19:00:00,UA,153,153,0,0,2.66,0.00,11.11
2025-02-27 18:00:00,2025-02-27 19:00:00,WN,206,206,0,0,9.90,0.00,23.79
2025-02-27 19:00:00,2025-02-27 20:00:00,WN,240,240,0,0,8.17,0.00,23.33
2025-02-27 19:00:00,2025-02-27 20:00:00,AA,161,161,0,0,21.13,0.00,34.78
2025-02-27 19:00:00,2025-02-27 20:00:00,DL,167,167,0,0,7.31,0.00,19.76
2025-02-27 19:00:00,2025-02-27 20:00:00,UA,134,134,0,0,3.59,0.00,14.18
2025-02-27 20:00:00,2025-02-27 21:00:00,AA,126,126,0,0,20.59,0.00,32.54
2025-02-27 20:00:00,2025-02-27 21:00:00,UA,82,82,0,0,4.17,0.00,14.63
2025-02-27 20:00:00,2025-02-27 21:00:00,DL,101,100,0,1,14.14,0.00,16.83
2025-02-27 20:00:00,2025-02-27 21:00:00,WN,263,262,0,1,8.37,0.00,22.05
2025-02-27 21:00:00,2025-02-27 22:00:00,AA,93,93,0,0,7.04,0.00,21.51
2025-02-27 21:00:00,2025-02-27 22:00:00,DL,95,95,0,0,3.54,0.00,20.00
2025-02-27 21:00:00,2025-02-27 22:00:00,UA,43,43,0,0,-0.81,0.00,6.98
2025-02-27 21:00:00,2025-02-27 22:00:00,WN,141,141,0,0,5.35,0.00,16.31
2025-02-27 22:00:00,2025-02-27 23:00:00,WN,141,141,0,0,1.26,0.00,12.06
2025-02-27 22:00:00,2025-02-27 23:00:00,DL,94,94,0,0,4.99,0.00,12.77
2025-02-27 22:00:00,2025-02-27 23:00:00,AA,99,99,0,0,12.20,0.00,23.23
2025-02-27 22:00:00,2025-02-27 23:00:00,UA,33,33,0,0,0.03,0.00,9.09
2025-02-27 23:00:00,2025-02-28 00:00:00,AA,31,31,0,0,5.13,0.00,16.13
2025-02-27 23:00:00,2025-02-28 00:00:00,WN,3,3,0,0,2.33,0.00,0.00
2025-02-27 23:00:00,2025-02-28 00:00:00,UA,35,35,0,0,-4.14,0.00,0.00
2025-02-27 23:00:00,2025-02-28 00:00:00,DL,26,26,0,0,7.65,0.00,15.38
2025-02-28 00:00:00,2025-02-28 01:00:00,UA,3,3,0,0,-5.33,0.00,0.00
2025-02-28 00:00:00,2025-02-28 01:00:00,AA,12,12,0,0,3.33,0.00,8.33
2025-02-28 00:00:00,2025-02-28 01:00:00,DL,4,4,0,0,-5.50,0.00,0.00
2025-02-28 01:00:00,2025-02-28 02:00:00,UA,1,1,0,0,-12.00,0.00,0.00
2025-02-28 01:00:00,2025-02-28 02:00:00,DL,2,2,0,0,-5.50,0.00,0.00
2025-02-28 02:00:00,2025-02-28 03:00:00,UA,1,1,0,0,82.00,0.00,100.00
2025-02-28 05:00:00,2025-02-28 06:00:00,AA,103,103,0,0,0.52,0.00,7.77
2025-02-28 05:00:00,2025-02-28 06:00:00,WN,185,185,0,0,-0.79,0.00,4.32
2025-02-28 05:00:00,2025-02-28 06:00:00,DL,69,69,0,0,-2.59,0.00,4.35
2025-02-28 05:00:00,2025-02-28 06:00:00,UA,31,31,0,0,-3.97,0.00,0.00
2025-02-28 06:00:00,2025-02-28 07:00:00,AA,188,188,0,0,24.60,0.00,7.45
2025-02-28 06:00:00,2025-02-28 07:00:00,WN,304,304,0,0,-1.42,0.00,1.97
2025-02-28 06:00:00,2025-02-28 07:00:00,DL,187,186,0,1,0.63,0.00,4.28
2025-02-28 06:00:00,2025-02-28 07:00:00,UA,128,128,0,0,1.61,0.00,7.81
2025-02-28 07:00:00,2025-02-28 08:00:00,WN,198,198,0,0,-0.88,0.00,5.05
2025-02-28 07:00:00,2025-02-28 08:00:00,AA,208,208,0,0,13.19,0.00,8.65
2025-02-28 07:00:00,2025-02-28 08:00:00,DL,234,233,0,1,7.92,0.00,7.69
2025-02-28 07:00:00,2025-02-28 08:00:00,UA,200,200,0,0,-0.99,0.00,4.00
2025-02-28 08:00:00,2025-02-28 09:00:00,AA,199,199,0,0,2.23,0.00,7.54
2025-02-28 08:00:00,2025-02-28 09:00:00,DL,175,174,0,1,1.58,0.00,6.29
2025-02-28 08:00:00,2025-02-28 09:00:00,UA,195,194,0,1,-0.70,0.00,5.13
2025-02-28 08:00:00,2025-02-28 09:00:00,WN,273,272,0,1,0.94,0.00,5.49
2025-02-28 09:00:00,2025-02-28 10:00:00,WN,217,217,0,0,0.12,0.00,5.07
2025-02-28 09:00:00,2025-02-28 10:00:00,AA,131,130,0,1,3.68,0.00,8.40
2025-02-28 09:00:00,2025-02-28 10:00:00,DL,126,126,0,0,-0.15,0.00,4.76
2025-02-28 09:00:00,2025-02-28 10:00:00,UA,135,134,1,0,1.01,0.74,8.96
2025-02-28 10:00:00,2025-02-28 11:00:00,DL,159,159,0,0,2.65,0.00,9.43
2025-02-28 10:00:00,2025-02-28 11:00:00,WN,232,232,0,0,3.29,0.00,8.62
2025-02-28 10:00:00,2025-02-28 11:00:00,UA,126,126,0,0,-1.57,0.00,7.14
2025-02-28 10:00:00,2025-02-28 11:00:00,AA,147,147,0,0,1.89,0.00,8.16
2025-02-28 11:00:00,2025-02-28 12:00:00,UA,129,129,0,0,0.78,0.00,3.88
2025-02-28 11:00:00,2025-02-28 12:00:00,AA,166,165,0,1,15.99,0.00,15.06
2025-02-28 11:00:00,2025-02-28 12:00:00,DL,191,191,0,0,0.95,0.00,6.81
2025-02-28 11:00:00,2025-02-28 12:00:00,WN,223,223,0,0,1.95,0.00,6.73
2025-02-28 12:00:00,2025-02-28 13:00:00,AA,138,138,0,0,2.72,0.00,10.14
2025-02-28 12:00:00,2025-02-28 13:00:00,WN,235,235,0,0,1.91,0.00,6.38
2025-02-28 12:00:00,2025-02-28 13:00:00,DL,179,179,0,0,0.15,0.00,7.82
2025-02-28 12:00:00,2025-02-28 13:00:00,UA,124,124,0,0,4.02,0.00,10.48
2025-02-28 13:00:00,2025-02-28 14:00:00,AA,143,142,0,1,8.03,0.00,11.89
2025-02-28 13:00:00,2025-02-28 14:00:00,UA,143,142,1,0,-1.14,0.70,2.82
2025-02-28 13:00:00,2025-02-28 14:00:00,WN,224,224,0,0,3.27,0.00,10.27
2025-02-28 13:00:00,2025-02-28 14:00:00,DL,146,146,0,0,6.18,0.00,13.01
2025-02-28 14:00:00,2025-02-28 15:00:00,AA,157,156,0,1,4.67,0.00,10.83
2025-02-28 14:00:00,2025-02-28 15:00:00,DL,139,139,0,0,2.44,0.00,11.51
2025-02-28 14:00:00,2025-02-28 15:00:00,UA,133,132,0,1,2.15,0.00,9.02
2025-02-28 14:00:00,2025-02-28 15:00:00,WN,230,230,0,0,4.24,0.00,13.48
2025-02-28 15:00:00,2025-02-28 16:00:00,WN,238,238,0,0,6.00,0.00,15.13
2025-02-28 15:00:00,2025-02-28 16:00:00,AA,126,126,0,0,12.77,0.00,17.46
2025-02-28 15:00:00,2025-02-28 16:00:00,DL,186,185,0,1,5.03,0.00,17.74
2025-02-28 15:00:00,2025-02-28 16:00:00,UA,89,89,0,0,1.72,0.00,11.24
2025-02-28 16:00:00,2025-02-28 17:00:00,AA,152,152,0,0,5.46,0.00,16.45
2025-02-28 16:00:00,2025-02-28 17:00:00,UA,144,144,0,0,6.36,0.00,13.19
2025-02-28 16:00:00,2025-02-28 17:00:00,DL,140,140,0,0,9.39,0.00,22.14
2025-02-28 16:00:00,2025-02-28 17:00:00,WN,221,221,0,0,5.43,0.00,16.29
2025-02-28 17:00:00,2025-02-28 18:00:00,UA,145,145,0,0,4.71,0.00,12.41
2025-02-28 17:00:00,2025-02-28 18:00:00,AA,162,162,0,0,11.77,0.00,22.22
2025-02-28 17:00:00,2025-02-28 18:00:00,DL,175,175,0,0,4.93,0.00,13.71
2025-02-28 17:00:00,2025-02-28 18:00:00,WN,241,241,0,0,4.47,0.00,12.45
2025-02-28 18:00:00,2025-02-28 19:00:00,AA,163,163,0,0,14.32,0.00,22.09
2025-02-28 18:00:00,2025-02-28 19:00:00,WN,206,206,0,0,4.12,0.00,9.71
2025-02-28 18:00:00,2025-02-28 19:00:00,DL,161,161,0,0,7.17,0.00,18.01
2025-02-28 18:00:00,2025-02-28 19:00:00,UA,152,152,0,0,3.11,0.00,9.87
2025-02-28 19:00:00,2025-02-28 20:00:00,AA,162,162,0,0,11.90,0.00,22.22
2025-02-28 19:00:00,2025-02-28 20:00:00,DL,166,166,0,0,4.78,0.00,16.27
2025-02-28 19:00:00,2025-02-28 20:00:00,UA,135,135,0,0,1.44,0.00,10.37
2025-02-28 19:00:00,2025-02-28 20:00:00,WN,239,239,0,0,3.91,0.00,14.64
2025-02-28 20:00:00,2025-02-28 21:00:00,WN,264,264,0,0,2.62,0.00,13.26
2025-02-28 20:00:00,2025-02-28 21:00:00,AA,125,125,0,0,11.02,0.00,20.00
2025-02-28 20:00:00,2025-02-28 21:00:00,DL,101,101,0,0,3.33,0.00,14.85
2025-02-28 20:00:00,2025-02-28 21:00:00,UA,82,82,0,0,8.66,0.00,20.73
2025-02-28 21:00:00,2025-02-28 22:00:00,UA,42,42,0,0,2.69,0.00,11.90
2025-02-28 21:00:00,2025-02-28 22:00:00,AA,94,94,0,0,11.38,0.00,14.89
2025-02-28 21:00:00,2025-02-28 22:00:00,WN,141,141,0,0,-0.94,0.00,4.96
2025-02-28 21:00:00,2025-02-28 22:00:00,DL,96,96,0,0,6.81,0.00,18.75
2025-02-28 22:00:00,2025-02-28 23:00:00,WN,141,139,2,0,-0.59,1.42,7.91
2025-02-28 22:00:00,2025-02-28 23:00:00,AA,97,97,0,0,12.35,0.00,19.59
2025-02-28 22:00:00,2025-02-28 23:00:00,DL,94,94,0,0,1.80,0.00,13.83
2025-02-28 22:00:00,2025-02-28 23:00:00,UA,33,33,0,0,1.55,0.00,9.09
2025-02-28 23:00:00,2025-03-01 00:00:00,UA,35,35,0,0,-1.86,0.00,5.71
2025-02-28 23:00:00,2025-03-01 00:00:00,AA,30,30,0,0,3.13,0.00,10.00
2025-02-28 23:00:00,2025-03-01 00:00:00,DL,25,25,0,0,-3.20,0.00,4.00
2025-02-28 23:00:00,2025-03-01 00:00:00,WN,3,3,0,0,-6.33,0.00,0.00
2025-03-01 00:00:00,2025-03-01 01:00:00,UA,3,3,0,0,-7.67,0.00,0.00
2025-03-01 00:00:00,2025-03-01 01:00:00,AA,11,11,0,0,-4.45,0.00,0.00
2025-03-01 00:00:00,2025-03-01 01:00:00,DL,4,4,0,0,-13.50,0.00,0.00
2025-03-01 01:00:00,2025-03-01 02:00:00,UA,1,1,0,0,-2.00,0.00,0.00
2025-03-01 01:00:00,2025-03-01 02:00:00,DL,2,2,0,0,-5.50,0.00,0.00
2025-03-01 02:00:00,2025-03-01 03:00:00,UA,1,1,0,0,-9.00,0.00,0.00
2025-03-01 05:00:00,2025-03-01 06:00:00,WN,131,131,0,0,-0.35,0.00,3.82
2025-03-01 05:00:00,2025-03-01 06:00:00,UA,35,35,0,0,-2.74,0.00,2.86
2025-03-01 05:00:00,2025-03-01 06:00:00,AA,82,82,0,0,0.99,0.00,3.66
2025-03-01 05:00:00,2025-03-01 06:00:00,DL,59,59,0,0,3.32,0.00,5.08
2025-03-01 06:00:00,2025-03-01 07:00:00,DL,173,168,0,5,0.53,0.00,5.20
2025-03-01 06:00:00,2025-03-01 07:00:00,UA,125,123,2,0,-1.51,1.60,5.69
2025-03-01 06:00:00,2025-03-01 07:00:00,AA,168,168,0,0,5.49,0.00,8.33
2025-03-01 06:00:00,2025-03-01 07:00:00,WN,282,280,1,1,-0.52,0.35,3.20
2025-03-01 07:00:00,2025-03-01 08:00:00,DL,208,204,0,4,1.26,0.00,6.73
2025-03-01 07:00:00,2025-03-01 08:00:00,UA,181,179,2,0,5.27,1.10,7.26
2025-03-01 07:00:00,2025-03-01 08:00:00,WN,206,206,0,0,-1.97,0.00,3.40
2025-03-01 07:00:00,2025-03-01 08:00:00,AA,169,169,0,0,-0.36,0.00,6.51
2025-03-01 08:00:00,2025-03-01 09:00:00,WN,239,239,0,0,-0.47,0.00,5.44
2025-03-01 08:00:00,2025-03-01 09:00:00,UA,164,164,0,0,1.95,0.00,6.10
2025-03-01 08:00:00,2025-03-01 09:00:00,AA,179,179,0,0,0.84,0.00,8.38
2025-03-01 08:00:00,2025-03-01 09:00:00,DL,150,150,0,0,7.57,0.00,10.67
2025-03-01 09:00:00,2025-03-01 10:00:00,WN,191,191,0,0,0.28,0.00,4.71
2025-03-01 09:00:00,2025-03-01 10:00:00,AA,119,119,0,0,6.95,0.00,10.92
2025-03-01 09:00:00,2025-03-01 10:00:00,DL,120,120,0,0,5.28,0.00,10.83
2025-03-01 09:00:00,2025-03-01 10:00:00,UA,125,124,1,0,5.91,0.80,8.06
2025-03-01 10:00:00,2025-03-01 11:00:00,UA,119,118,0,1,2.91,0.00,8.40
2025-03-01 10:00:00,2025-03-01 11:00:00,WN,234,234,0,0,1.44,0.00,6.41
2025-03-01 10:00:00,2025-03-01 11:00:00,AA,122,122,0,0,3.41,0.00,12.30
2025-03-01 10:00:00,2025-03-01 11:00:00,DL,128,128,0,0,6.26,0.00,14.84
2025-03-01 11:00:00,2025-03-01 12:00:00,WN,208,208,0,0,1.28,0.00,8.65
2025-03-01 11:00:00,2025-03-01 12:00:00,UA,112,112,0,0,6.36,0.00,13.39
2025-03-01 11:00:00,2025-03-01 12:00:00,AA,144,144,0,0,-1.38,0.00,6.25
2025-03-01 11:00:00,2025-03-01 12:00:00,DL,174,174,0,0,1.11,0.00,9.20
2025-03-01 12:00:00,2025-03-01 13:00:00,WN,198,198,0,0,3.07,0.00,9.60
2025-03-01 12:00:00,2025-03-01 13:00:00,AA,132,132,0,0,18.55,0.00,12.12
2025-03-01 12:00:00,2025-03-01 13:00:00,DL,155,155,0,0,5.81,0.00,12.26
2025-03-01 12:00:00,2025-03-01 13:00:00,UA,100,100,0,0,13.15,0.00,16.00
2025-03-01 13:00:00,2025-03-01 14:00:00,AA,118,117,0,1,5.14,0.00,16.10
2025-03-01 13:00:00,2025-03-01 14:00:00,DL,124,124,0,0,7.03,0.00,16.13
2025-03-01 13:00:00,2025-03-01 14:00:00,UA,127,127,0,0,0.32,0.00,6.30
2025-03-01 13:00:00,2025-03-01 14:00:00,WN,198,198,0,0,4.13,0.00,11.62
2025-03-01 14:00:00,2025-03-01 15:00:00,WN,222,222,0,0,3.53,0.00,14.41
2025-03-01 14:00:00,2025-03-01 15:00:00,AA,141,141,0,0,6.01,0.00,14.89
2025-03-01 14:00:00,2025-03-01 15:00:00,DL,120,119,0,1,6.92,0.00,14.17
2025-03-01 14:00:00,2025-03-01 15:00:00,UA,120,120,0,0,10.35,0.00,17.50
2025-03-01 15:00:00,2025-03-01 16:00:00,WN,221,218,2,1,6.16,0.90,17.81
2025-03-01 15:00:00,2025-03-01 16:00:00,UA,77,76,0,1,22.36,0.00,20.78
2025-03-01 15:00:00,2025-03-01 16:00:00,AA,109,109,0,0,7.55,0.00,18.35
2025-03-01 15:00:00,2025-03-01 16:00:00,DL,151,151,0,0,6.93,0.00,11.26
2025-03-01 16:00:00,2025-03-01 17:00:00,WN,191,190,1,0,7.35,0.52,15.26
2025-03-01 16:00:00,2025-03-01 17:00:00,DL,104,103,0,1,12.32,0.00,16.35
2025-03-01 16:00:00,2025-03-01 17:00:00,UA,128,127,1,0,9.67,0.78,16.54
2025-03-01 16:00:00,2025-03-01 17:00:00,AA,142,142,0,0,6.78,0.00,18.31
2025-03-01 17:00:00,2025-03-01 18:00:00,DL,149,148,1,0,0.40,0.67,12.16
2025-03-01 17:00:00,2025-03-01 18:00:00,UA,120,120,0,0,6.72,0.00,15.83
2025-03-01 17:00:00,2025-03-01 18:00:00,AA,135,135,0,0,9.00,0.00,15.56
2025-03-01 17:00:00,2025-03-01 18:00:00,WN,216,216,0,0,6.49,0.00,15.74
2025-03-01 18:00:00,2025-03-01 19:00:00,AA,133,133,0,0,12.68,0.00,18.80
2025-03-01 18:00:00,2025-03-01 19:00:00,UA,109,109,0,0,5.43,0.00,12.84
2025-03-01 18:00:00,2025-03-01 19:00:00,WN,227,227,0,0,4.68,0.00,12.78
2025-03-01 18:00:00,2025-03-01 19:00:00,DL,111,110,1,0,3.36,0.90,17.27
2025-03-01 19:00:00,2025-03-01 20:00:00,AA,111,111,0,0,8.60,0.00,20.72
2025-03-01 19:00:00,2025-03-01 20:00:00,WN,233,232,1,0,5.24,0.43,15.09
2025-03-01 19:00:00,2025-03-01 20:00:00,UA,107,107,0,0,7.75,0.00,14.95
2025-03-01 19:00:00,2025-03-01 20:00:00,DL,90,90,0,0,1.14,0.00,12.22
2025-03-01 20:00:00,2025-03-01 21:00:00,UA,63,63,0,0,9.02,0.00,22.22
2025-03-01 20:00:00,2025-03-01 21:00:00,AA,106,106,0,0,5.85,0.00,16.04
2025-03-01 20:00:00,2025-03-01 21:00:00,WN,149,149,0,0,1.60,0.00,11.41
2025-03-01 20:00:00,2025-03-01 21:00:00,DL,67,67,0,0,1.97,0.00,8.96
2025-03-01 21:00:00,2025-03-01 22:00:00,WN,105,105,0,0,2.95,0.00,8.57
2025-03-01 21:00:00,2025-03-01 22:00:00,AA,78,78,0,0,21.71,0.00,25.64
2025-03-01 21:00:00,2025-03-01 22:00:00,DL,63,63,0,0,0.37,0.00,6.35
2025-03-01 21:00:00,2025-03-01 22:00:00,UA,29,28,0,1,6.86,0.00,20.69
2025-03-01 22:00:00,2025-03-01 23:00:00,AA,64,64,0,0,20.00,0.00,9.38
2025-03-01 22:00:00,2025-03-01 23:00:00,WN,5,5,0,0,-2.00,0.00,0.00
2025-03-01 22:00:00,2025-03-01 23:00:00,UA,31,31,0,0,-0.29,0.00,3.23
2025-03-01 22:00:00,2025-03-01 23:00:00,DL,68,68,0,0,1.87,0.00,10.29
2025-03-01 23:00:00,2025-03-02 00:00:00,UA,26,26,0,0,0.62,0.00,3.85
2025-03-01 23:00:00,2025-03-02 00:00:00,AA,21,21,0,0,1.81,0.00,14.29
2025-03-01 23:00:00,2025-03-02 00:00:00,DL,18,18,0,0,-3.22,0.00,0.00
2025-03-01 23:00:00,2025-03-02 00:00:00,WN,2,2,0,0,-2.00,0.00,0.00
2025-03-02 00:00:00,2025-03-02 01:00:00,UA,4,4,0,0,-3.50,0.00,0.00
2025-03-02 00:00:00,2025-03-02 01:00:00,DL,1,1,0,0,-11.00,0.00,0.00
2025-03-02 00:00:00,2025-03-02 01:00:00,AA,9,9,0,0,-1.11,0.00,11.11
2025-03-02 01:00:00,2025-03-02 02:00:00,UA,1,0,0,1,152.00,0.00,100.00
2025-03-02 01:00:00,2025-03-02 02:00:00,DL,2,2,0,0,-8.00,0.00,0.00
2025-03-02 02:00:00,2025-03-02 03:00:00,UA,1,1,0,0,77.00,0.00,100.00
2025-03-02 05:00:00,2025-03-02 06:00:00,UA,29,29,0,0,26.38,0.00,10.34
2025-03-02 05:00:00,2025-03-02 06:00:00,AA,103,103,0,0,21.14,0.00,6.80
2025-03-02 05:00:00,2025-03-02 06:00:00,WN,184,183,0,1,0.62,0.00,2.72
2025-03-02 05:00:00,2025-03-02 06:00:00,DL,69,69,0,0,-0.45,0.00,7.25
2025-03-02 06:00:00,2025-03-02 07:00:00,UA,125,125,0,0,-2.14,0.00,7.20
2025-03-02 06:00:00,2025-03-02 07:00:00,AA,182,182,0,0,7.49,0.00,9.89
2025-03-02 06:00:00,2025-03-02 07:00:00,DL,175,175,0,0,3.58,0.00,6.29
2025-03-02 06:00:00,2025-03-02 07:00:00,WN,295,294,1,0,-3.04,0.34,1.70
2025-03-02 07:00:00,2025-03-02 08:00:00,WN,198,198,0,0,-1.71,0.00,3.03
2025-03-02 07:00:00,2025-03-02 08:00:00,DL,234,234,0,0,-0.47,0.00,5.13
2025-03-02 07:00:00,2025-03-02 08:00:00,AA,204,203,0,1,8.45,0.00,8.33
2025-03-02 07:00:00,2025-03-02 08:00:00,UA,195,195,0,0,2.08,0.00,6.15
2025-03-02 08:00:00,2025-03-02 09:00:00,AA,196,194,1,1,3.09,0.51,10.26
2025-03-02 08:00:00,2025-03-02 09:00:00,UA,182,180,1,1,1.07,0.55,8.84
2025-03-02 08:00:00,2025-03-02 09:00:00,WN,276,274,1,1,-0.25,0.36,5.45
2025-03-02 08:00:00,2025-03-02 09:00:00,DL,181,179,1,1,5.52,0.55,8.33
2025-03-02 09:00:00,2025-03-02 10:00:00,AA,132,132,0,0,20.89,0.00,10.61
2025-03-02 09:00:00,2025-03-02 10:00:00,WN,219,218,0,1,-0.73,0.00,3.65
2025-03-02 09:00:00,2025-03-02 10:00:00,DL,128,127,0,1,-1.17,0.00,7.03
2025-03-02 09:00:00,2025-03-02 10:00:00,UA,135,134,1,0,4.96,0.74,11.19
2025-03-02 10:00:00,2025-03-02 11:00:00,AA,143,143,0,0,0.79,0.00,9.79
2025-03-02 10:00:00,2025-03-02 11:00:00,DL,156,156,0,0,5.39,0.00,10.90
2025-03-02 10:00:00,2025-03-02 11:00:00,UA,126,126,0,0,1.48,0.00,4.76
2025-03-02 10:00:00,2025-03-02 11:00:00,WN,230,230,0,0,2.19,0.00,6.09
2025-03-02 11:00:00,2025-03-02 12:00:00,UA,126,125,1,0,1.27,0.79,9.60
2025-03-02 11:00:00,2025-03-02 12:00:00,AA,168,167,1,0,4.86,0.60,11.38
2025-03-02 11:00:00,2025-03-02 12:00:00,WN,223,222,0,1,0.97,0.00,6.28
2025-03-02 11:00:00,2025-03-02 12:00:00,DL,190,190,0,0,1.70,0.00,7.89
2025-03-02 12:00:00,2025-03-02 13:00:00,AA,138,138,0,0,9.43,0.00,15.22
2025-03-02 12:00:00,2025-03-02 13:00:00,WN,235,235,0,0,1.54,0.00,8.51
2025-03-02 12:00:00,2025-03-02 13:00:00,DL,182,182,0,0,7.42,0.00,13.19
2025-03-02 12:00:00,2025-03-02 13:00:00,UA,115,115,0,0,3.37,0.00,15.65
2025-03-02 13:00:00,2025-03-02 14:00:00,AA,143,143,0,0,5.03,0.00,11.89
2025-03-02 13:00:00,2025-03-02 14:00:00,DL,147,147,0,0,2.84,0.00,13.61
2025-03-02 13:00:00,2025-03-02 14:00:00,WN,226,225,0,1,3.88,0.00,11.50
2025-03-02 13:00:00,2025-03-02 14:00:00,UA,143,143,0,0,4.84,0.00,10.49
2025-03-02 14:00:00,2025-03-02 15:00:00,DL,135,135,0,0,5.96,0.00,14.81
2025-03-02 14:00:00,2025-03-02 15:00:00,UA,126,126,0,0,2.02,0.00,12.70
2025-03-02 14:00:00,2025-03-02 15:00:00,AA,156,156,0,0,11.33,0.00,19.23
2025-03-02 14:00:00,2025-03-02 15:00:00,WN,227,227,0,0,6.00,0.00,14.98
2025-03-02 15:00:00,2025-03-02 16:00:00,WN,238,238,0,0,9.16,0.00,24.79
2025-03-02 15:00:00,2025-03-02 16:00:00,UA,85,85,0,0,3.29,0.00,8.24
2025-03-02 15:00:00,2025-03-02 16:00:00,AA,127,127,0,0,12.24,0.00,31.50
2025-03-02 15:00:00,2025-03-02 16:00:00,DL,186,185,0,1,9.08,0.00,15.59
2025-03-02 16:00:00,2025-03-02 17:00:00,WN,223,223,0,0,8.65,0.00,20.63
2025-03-02 16:00:00,2025-03-02 17:00:00,AA,152,151,0,1,14.30,0.00,21.71
2025-03-02 16:00:00,2025-03-02 17:00:00,DL,140,140,0,0,3.19,0.00,16.43
2025-03-02 16:00:00,2025-03-02 17:00:00,UA,139,139,0,0,5.86,0.00,15.83
2025-03-02 17:00:00,2025-03-02 18:00:00,AA,164,164,0,0,18.81,0.00,32.32
2025-03-02 17:00:00,2025-03-02 18:00:00,DL,178,177,1,0,6.16,0.56,14.12
2025-03-02 17:00:00,2025-03-02 18:00:00,WN,241,241,0,0,12.70,0.00,28.63
2025-03-02 17:00:00,2025-03-02 18:00:00,UA,142,142,0,0,0.89,0.00,9.86
2025-03-02 18:00:00,2025-03-02 19:00:00,DL,158,158,0,0,15.56,0.00,20.89
2025-03-02 18:00:00,2025-03-02 19:00:00,WN,206,206,0,0,12.81,0.00,29.13
2025-03-02 18:00:00,2025-03-02 19:00:00,UA,153,152,0,1,3.85,0.00,11.76
2025-03-02 18:00:00,2025-03-02 19:00:00,AA,162,161,0,1,19.52,0.00,33.95
2025-03-02 19:00:00,2025-03-02 20:00:00,UA,134,134,0,0,6.96,0.00,14.18
2025-03-02 19:00:00,2025-03-02 20:00:00,AA,162,162,0,0,22.01,0.00,35.80
2025-03-02 19:00:00,2025-03-02 20:00:00,DL,169,169,0,0,5.57,0.00,20.12
2025-03-02 19:00:00,2025-03-02 20:00:00,WN,239,239,0,0,9.41,0.00,24.27
2025-03-02 20:00:00,2025-03-02 21:00:00,AA,126,126,0,0,23.70,0.00,36.51
2025-03-02 20:00:00,2025-03-02 21:00:00,WN,263,263,0,0,8.78,0.00,25.10
2025-03-02 20:00:00,2025-03-02 21:00:00,DL,100,100,0,0,9.13,0.00,27.00
2025-03-02 20:00:00,2025-03-02 21:00:00,UA,82,81,0,1,4.72,0.00,9.76
2025-03-02 21:00:00,2025-03-02 22:00:00,AA,93,93,0,0,22.24,0.00,34.41
2025-03-02 21:00:00,2025-03-02 22:00:00,DL,95,95,0,0,18.71,0.00,23.16
2025-03-02 21:00:00,2025-03-02 22:00:00,WN,140,140,0,0,5.79,0.00,17.14
2025-03-02 21:00:00,2025-03-02 22:00:00,UA,48,48,0,0,4.88,0.00,10.42
2025-03-02 22:00:00,2025-03-02 23:00:00,UA,32,32,0,0,-1.62,0.00,9.38
2025-03-02 22:00:00,2025-03-02 23:00:00,WN,143,143,0,0,3.83,0.00,16.08
2025-03-02 22:00:00,2025-03-02 23:00:00,AA,99,99,0,0,16.40,0.00,34.34
2025-03-02 22:00:00,2025-03-02 23:00:00,DL,94,94,0,0,5.43,0.00,11.70
2025-03-02 23:00:00,2025-03-03 00:00:00,AA,31,31,0,0,0.77,0.00,12.90
2025-03-02 23:00:00,2025-03-03 00:00:00,DL,26,26,0,0,-0.65,0.00,3.85
2025-03-02 23:00:00,2025-03-03 00:00:00,UA,36,36,0,0,-2.69,0.00,11.11
2025-03-02 23:00:00,2025-03-03 00:00:00,WN,3,3,0,0,1.33,0.00,0.00
2025-03-03 00:00:00,2025-03-03 01:00:00,AA,12,12,0,0,-0.50,0.00,16.67
2025-03-03 00:00:00,2025-03-03 01:00:00,DL,4,4,0,0,-9.00,0.00,0.00
2025-03-03 00:00:00,2025-03-03 01:00:00,UA,3,3,0,0,-4.67,0.00,0.00
2025-03-03 01:00:00,2025-03-03 02:00:00,UA,1,1,0,0,1.00,0.00,0.00
2025-03-03 01:00:00,2025-03-03 02:00:00,DL,2,2,0,0,-3.00,0.00,0.00
2025-03-03 02:00:00,2025-03-03 03:00:00,UA,1,1,0,0,-8.00,0.00,0.00
2025-03-03 05:00:00,2025-03-03 06:00:00,UA,31,31,0,0,-6.19,0.00,0.00
2025-03-03 05:00:00,2025-03-03 06:00:00,WN,99,98,0,1,-2.77,0.00,2.02
2025-03-03 05:00:00,2025-03-03 06:00:00,AA,103,103,0,0,-0.18,0.00,7.77
2025-03-03 05:00:00,2025-03-03 06:00:00,DL,69,69,0,0,-4.42,0.00,2.90
2025-03-03 06:00:00,2025-03-03 07:00:00,UA,125,125,0,0,-1.54,0.00,4.80
2025-03-03 06:00:00,2025-03-03 07:00:00,WN,307,301,0,6,0.15,0.00,3.58
2025-03-03 06:00:00,2025-03-03 07:00:00,DL,187,186,0,1,-1.93,0.00,4.28
2025-03-03 06:00:00,2025-03-03 07:00:00,AA,188,188,0,0,2.98,0.00,7.98
2025-03-03 07:00:00,2025-03-03 08:00:00,DL,235,235,0,0,0.61,0.00,7.66
2025-03-03 07:00:00,2025-03-03 08:00:00,AA,209,208,0,1,4.12,0.00,11.00
2025-03-03 07:00:00,2025-03-03 08:00:00,UA,199,199,0,0,3.92,0.00,7.54
2025-03-03 07:00:00,2025-03-03 08:00:00,WN,214,205,2,7,6.55,0.93,7.08
2025-03-03 08:00:00,2025-03-03 09:00:00,WN,270,267,3,0,22.72,1.11,16.10
2025-03-03 08:00:00,2025-03-03 09:00:00,UA,193,193,0,0,-0.28,0.00,5.70
2025-03-03 08:00:00,2025-03-03 09:00:00,AA,197,197,0,0,3.53,0.00,10.66
2025-03-03 08:00:00,2025-03-03 09:00:00,DL,174,173,0,1,1.26,0.00,8.62
2025-03-03 09:00:00,2025-03-03 10:00:00,WN,218,215,3,0,30.94,1.38,21.40
2025-03-03 09:00:00,2025-03-03 10:00:00,AA,135,135,0,0,8.64,0.00,11.85
2025-03-03 09:00:00,2025-03-03 10:00:00,UA,138,138,0,0,0.37,0.00,9.42
2025-03-03 09:00:00,2025-03-03 10:00:00,DL,126,126,0,0,-0.75,0.00,8.73
2025-03-03 10:00:00,2025-03-03 11:00:00,AA,141,141,0,0,6.16,0.00,14.18
2025-03-03 10:00:00,2025-03-03 11:00:00,WN,234,226,7,1,11.33,2.99,16.74
2025-03-03 10:00:00,2025-03-03 11:00:00,UA,128,128,0,0,0.68,0.00,7.81
2025-03-03 10:00:00,2025-03-03 11:00:00,DL,158,157,1,0,4.01,0.63,9.55
2025-03-03 11:00:00,2025-03-03 12:00:00,WN,223,208,15,0,32.98,6.73,25.00
2025-03-03 11:00:00,2025-03-03 12:00:00,AA,166,166,0,0,6.51,0.00,13.86
2025-03-03 11:00:00,2025-03-03 12:00:00,DL,191,191,0,0,1.81,0.00,7.33
2025-03-03 11:00:00,2025-03-03 12:00:00,UA,127,127,0,0,-1.72,0.00,3.15
2025-03-03 12:00:00,2025-03-03 13:00:00,AA,138,138,0,0,6.97,0.00,10.87
2025-03-03 12:00:00,2025-03-03 13:00:00,DL,178,178,0,0,1.30,0.00,9.55
2025-03-03 12:00:00,2025-03-03 13:00:00,WN,231,225,6,0,24.22,2.60,24.44
2025-03-03 12:00:00,2025-03-03 13:00:00,UA,124,124,0,0,0.38,0.00,6.45
2025-03-03 13:00:00,2025-03-03 14:00:00,DL,148,148,0,0,2.39,0.00,11.49
2025-03-03 13:00:00,2025-03-03 14:00:00,WN,243,232,11,0,20.71,4.53,23.28
2025-03-03 13:00:00,2025-03-03 14:00:00,UA,144,142,1,1,-0.37,0.69,6.29
2025-03-03 13:00:00,2025-03-03 14:00:00,AA,142,142,0,0,7.89,0.00,14.08
2025-03-03 14:00:00,2025-03-03 15:00:00,AA,151,151,0,0,7.11,0.00,12.58
2025-03-03 14:00:00,2025-03-03 15:00:00,WN,226,223,3,0,20.68,1.33,23.77
2025-03-03 14:00:00,2025-03-03 15:00:00,DL,137,137,0,0,2.11,0.00,9.49
2025-03-03 14:00:00,2025-03-03 15:00:00,UA,130,130,0,0,4.10,0.00,12.31
2025-03-03 15:00:00,2025-03-03 16:00:00,AA,121,121,0,0,18.90,0.00,16.53
2025-03-03 15:00:00,2025-03-03 16:00:00,DL,184,184,0,0,4.30,0.00,12.50
2025-03-03 15:00:00,2025-03-03 16:00:00,WN,228,224,4,0,20.54,1.75,25.89
2025-03-03 15:00:00,2025-03-03 16:00:00,UA,89,89,0,0,2.98,0.00,11.24
2025-03-03 16:00:00,2025-03-03 17:00:00,DL,141,140,0,1,0.60,0.00,7.09
2025-03-03 16:00:00,2025-03-03 17:00:00,UA,143,143,0,0,1.04,0.00,8.39
2025-03-03 16:00:00,2025-03-03 17:00:00,AA,147,147,0,0,8.16,0.00,17.69
2025-03-03 16:00:00,2025-03-03 17:00:00,WN,226,224,2,0,23.80,0.88,28.12
2025-03-03 17:00:00,2025-03-03 18:00:00,WN,222,222,0,0,17.05,0.00,29.73
2025-03-03 17:00:00,2025-03-03 18:00:00,UA,147,147,0,0,7.68,0.00,17.01
2025-03-03 17:00:00,2025-03-03 18:00:00,AA,157,157,0,0,2.29,0.00,10.83
2025-03-03 17:00:00,2025-03-03 18:00:00,DL,177,177,0,0,4.14,0.00,10.73
2025-03-03 18:00:00,2025-03-03 19:00:00,WN,228,227,1,0,16.56,0.44,25.55
2025-03-03 18:00:00,2025-03-03 19:00:00,AA,150,150,0,0,9.23,0.00,20.00
2025-03-03 18:00:00,2025-03-03 19:00:00,DL,157,157,0,0,2.36,0.00,12.10
2025-03-03 18:00:00,2025-03-03 19:00:00,UA,154,154,0,0,4.27,0.00,12.34
2025-03-03 19:00:00,2025-03-03 20:00:00,UA,132,131,0,1,8.98,0.00,17.42
2025-03-03 19:00:00,2025-03-03 20:00:00,WN,268,266,2,0,16.59,0.75,26.32
2025-03-03 19:00:00,2025-03-03 20:00:00,AA,127,126,0,1,7.62,0.00,21.26
2025-03-03 19:00:00,2025-03-03 20:00:00,DL,166,166,0,0,-1.03,0.00,7.23
2025-03-03 20:00:00,2025-03-03 21:00:00,AA,116,116,0,0,9.01,0.00,20.69
2025-03-03 20:00:00,2025-03-03 21:00:00,DL,102,102,0,0,-0.49,0.00,5.88
2025-03-03 20:00:00,2025-03-03 21:00:00,UA,79,79,0,0,6.30,0.00,22.78
2025-03-03 20:00:00,2025-03-03 21:00:00,WN,181,181,0,0,15.50,0.00,28.18
2025-03-03 21:00:00,2025-03-03 22:00:00,WN,145,145,0,0,12.94,0.00,27.59
2025-03-03 21:00:00,2025-03-03 22:00:00,AA,81,81,0,0,4.62,0.00,13.58
2025-03-03 21:00:00,2025-03-03 22:00:00,DL,94,94,0,0,3.54,0.00,10.64
2025-03-03 21:00:00,2025-03-03 22:00:00,UA,42,42,0,0,-1.12,0.00,11.90
2025-03-03 22:00:00,2025-03-03 23:00:00,DL,94,94,0,0,0.34,0.00,8.51
2025-03-03 22:00:00,2025-03-03 23:00:00,AA,71,71,0,0,6.69,0.00,12.68
2025-03-03 22:00:00,2025-03-03 23:00:00,UA,33,33,0,0,-3.18,0.00,3.03
2025-03-03 22:00:00,2025-03-03 23:00:00,WN,6,6,0,0,16.33,0.00,16.67
2025-03-03 23:00:00,2025-03-04 00:00:00,AA,27,27,0,0,-4.70,0.00,3.70
2025-03-03 23:00:00,2025-03-04 00:00:00,DL,26,25,1,0,-5.24,3.85,4.00
2025-03-03 23:00:00,2025-03-04 00:00:00,UA,34,34,0,0,-2.44,0.00,11.76
2025-03-03 23:00:00,2025-03-04 00:00:00,WN,2,2,0,0,3.00,0.00,0.00
2025-03-04 00:00:00,2025-03-04 01:00:00,UA,3,3,0,0,-7.67,0.00,0.00
2025-03-04 00:00:00,2025-03-04 01:00:00,AA,9,9,0,0,-6.22,0.00,0.00
2025-03-04 00:00:00,2025-03-04 01:00:00,DL,4,4,0,0,-10.50,0.00,0.00
2025-03-04 01:00:00,2025-03-04 02:00:00,UA,1,1,0,0,-6.00,0.00,0.00
2025-03-04 01:00:00,2025-03-04 02:00:00,DL,2,2,0,0,-6.50,0.00,0.00
2025-03-04 02:00:00,2025-03-04 03:00:00,UA,1,1,0,0,-9.00,0.00,0.00
2025-03-04 05:00:00,2025-03-04 06:00:00,DL,69,69,0,0,-4.93,0.00,2.90
2025-03-04 05:00:00,2025-03-04 06:00:00,AA,83,79,4,0,-2.35,4.82,8.86
2025-03-04 05:00:00,2025-03-04 06:00:00,UA,28,28,0,0,1.14,0.00,10.71
2025-03-04 05:00:00,2025-03-04 06:00:00,WN,30,30,0,0,-3.63,0.00,0.00
2025-03-04 06:00:00,2025-03-04 07:00:00,UA,119,118,0,1,-5.97,0.00,2.52
2025-03-04 06:00:00,2025-03-04 07:00:00,WN,223,218,5,0,9.98,2.24,11.01
2025-03-04 06:00:00,2025-03-04 07:00:00,AA,180,162,17,1,4.09,9.44,18.40
2025-03-04 06:00:00,2025-03-04 07:00:00,DL,184,183,1,0,1.26,0.54,7.10
2025-03-04 07:00:00,2025-03-04 08:00:00,UA,180,179,1,0,-1.54,0.56,7.82
2025-03-04 07:00:00,2025-03-04 08:00:00,DL,230,230,0,0,-0.52,0.00,3.91
2025-03-04 07:00:00,2025-03-04 08:00:00,WN,191,187,4,0,6.25,2.09,8.56
2025-03-04 07:00:00,2025-03-04 08:00:00,AA,173,161,10,2,0.37,5.78,12.88
2025-03-04 08:00:00,2025-03-04 09:00:00,DL,175,175,0,0,-1.93,0.00,4.00
2025-03-04 08:00:00,2025-03-04 09:00:00,UA,186,185,1,0,0.21,0.54,5.95
2025-03-04 08:00:00,2025-03-04 09:00:00,AA,198,186,7,5,9.52,3.54,18.32
2025-03-04 08:00:00,2025-03-04 09:00:00,WN,246,237,7,2,5.93,2.85,6.69
2025-03-04 09:00:00,2025-03-04 10:00:00,UA,134,133,0,1,10.38,0.00,13.43
2025-03-04 09:00:00,2025-03-04 10:00:00,AA,134,128,1,5,9.23,0.75,15.79
2025-03-04 09:00:00,2025-03-04 10:00:00,DL,122,117,0,5,11.94,0.00,13.11
2025-03-04 09:00:00,2025-03-04 10:00:00,WN,234,222,10,2,9.80,4.27,9.82
2025-03-04 10:00:00,2025-03-04 11:00:00,AA,132,116,10,6,15.82,7.58,25.41
2025-03-04 10:00:00,2025-03-04 11:00:00,WN,202,195,7,0,10.81,3.47,14.36
2025-03-04 10:00:00,2025-03-04 11:00:00,UA,125,123,0,2,-0.34,0.00,7.20
2025-03-04 10:00:00,2025-03-04 11:00:00,DL,153,150,0,3,2.62,0.00,9.15
2025-03-04 11:00:00,2025-03-04 12:00:00,WN,264,244,15,5,9.73,5.68,11.24
2025-03-04 11:00:00,2025-03-04 12:00:00,UA,129,129,0,0,2.44,0.00,8.53
2025-03-04 11:00:00,2025-03-04 12:00:00,AA,161,144,5,12,14.59,3.11,23.08
2025-03-04 11:00:00,2025-03-04 12:00:00,DL,185,184,0,1,0.24,0.00,5.41
2025-03-04 12:00:00,2025-03-04 13:00:00,WN,183,172,7,4,6.68,3.83,11.36
2025-03-04 12:00:00,2025-03-04 13:00:00,AA,127,108,9,10,86.55,7.09,36.44
2025-03-04 12:00:00,2025-03-04 13:00:00,UA,121,121,0,0,6.80,0.00,10.74
2025-03-04 12:00:00,2025-03-04 13:00:00,DL,172,167,3,2,9.63,1.74,14.79
2025-03-04 13:00:00,2025-03-04 14:00:00,AA,140,125,9,6,36.16,6.43,24.43
2025-03-04 13:00:00,2025-03-04 14:00:00,WN,241,232,8,1,13.68,3.32,17.60
2025-03-04 13:00:00,2025-03-04 14:00:00,UA,139,139,0,0,13.24,0.00,15.11
2025-03-04 13:00:00,2025-03-04 14:00:00,DL,141,139,0,2,8.96,0.00,12.77
2025-03-04 14:00:00,2025-03-04 15:00:00,WN,220,214,5,1,22.32,2.27,22.79
2025-03-04 14:00:00,2025-03-04 15:00:00,AA,148,120,28,0,45.74,18.92,29.17
2025-03-04 14:00:00,2025-03-04 15:00:00,DL,122,122,0,0,15.56,0.00,18.03
2025-03-04 14:00:00,2025-03-04 15:00:00,UA,122,121,0,1,3.84,0.00,9.02
2025-03-04 15:00:00,2025-03-04 16:00:00,UA,86,86,0,0,11.56,0.00,15.12
2025-03-04 15:00:00,2025-03-04 16:00:00,WN,230,226,2,2,13.85,0.87,19.30
2025-03-04 15:00:00,2025-03-04 16:00:00,AA,119,95,24,0,90.02,20.17,37.89
2025-03-04 15:00:00,2025-03-04 16:00:00,DL,178,175,2,1,11.51,1.12,13.07
2025-03-04 16:00:00,2025-03-04 17:00:00,WN,209,206,3,0,13.79,1.44,25.73
2025-03-04 16:00:00,2025-03-04 17:00:00,UA,132,131,1,0,18.65,0.76,12.98
2025-03-04 16:00:00,2025-03-04 17:00:00,AA,146,118,28,0,50.31,19.18,28.81
2025-03-04 16:00:00,2025-03-04 17:00:00,DL,122,121,1,0,13.97,0.82,15.70
2025-03-04 17:00:00,2025-03-04 18:00:00,WN,200,199,0,1,12.54,0.00,17.00
2025-03-04 17:00:00,2025-03-04 18:00:00,AA,141,105,35,1,79.91,24.82,34.91
2025-03-04 17:00:00,2025-03-04 18:00:00,DL,170,167,1,2,13.85,0.59,16.57
2025-03-04 17:00:00,2025-03-04 18:00:00,UA,137,136,1,0,17.92,0.73,14.71
2025-03-04 18:00:00,2025-03-04 19:00:00,AA,147,116,31,0,47.17,21.09,29.31
2025-03-04 18:00:00,2025-03-04 19:00:00,DL,144,143,1,0,30.64,0.69,23.08
2025-03-04 18:00:00,2025-03-04 19:00:00,UA,130,129,1,0,15.92,0.77,19.38
2025-03-04 18:00:00,2025-03-04 19:00:00,WN,266,259,6,1,15.67,2.26,22.69
2025-03-04 19:00:00,2025-03-04 20:00:00,WN,122,122,0,0,15.30,0.00,24.59
2025-03-04 19:00:00,2025-03-04 20:00:00,AA,118,97,21,0,57.54,17.80,37.11
2025-03-04 19:00:00,2025-03-04 20:00:00,DL,118,114,3,1,13.23,2.54,23.48
2025-03-04 19:00:00,2025-03-04 20:00:00,UA,117,115,2,0,27.37,1.71,17.39
2025-03-04 20:00:00,2025-03-04 21:00:00,WN,167,161,6,0,7.57,3.59,17.39
2025-03-04 20:00:00,2025-03-04 21:00:00,UA,63,63,0,0,28.30,0.00,34.92
2025-03-04 20:00:00,2025-03-04 21:00:00,AA,109,88,21,0,28.84,19.27,29.55
2025-03-04 20:00:00,2025-03-04 21:00:00,DL,74,74,0,0,22.36,0.00,31.08
2025-03-04 21:00:00,2025-03-04 22:00:00,WN,16,16,0,0,16.56,0.00,18.75
2025-03-04 21:00:00,2025-03-04 22:00:00,AA,73,56,17,0,37.98,23.29,32.14
2025-03-04 21:00:00,2025-03-04 22:00:00,DL,66,66,0,0,17.03,0.00,22.73
2025-03-04 21:00:00,2025-03-04 22:00:00,UA,30,30,0,0,1.20,0.00,3.33
2025-03-04 22:00:00,2025-03-04 23:00:00,AA,62,61,1,0,21.97,1.61,19.67
2025-03-04 22:00:00,2025-03-04 23:00:00,DL,85,83,0,2,20.98,0.00,14.12
2025-03-04 22:00:00,2025-03-04 23:00:00,WN,2,2,0,0,-5.00,0.00,0.00
2025-03-04 22:00:00,2025-03-04 23:00:00,UA,25,25,0,0,-4.12,0.00,4.00
2025-03-04 23:00:00,2025-03-05 00:00:00,AA,20,20,0,0,-1.50,0.00,5.00
2025-03-04 23:00:00,2025-03-05 00:00:00,DL,20,20,0,0,-5.35,0.00,0.00
2025-03-04 23:00:00,2025-03-05 00:00:00,UA,25,25,0,0,2.96,0.00,12.00
2025-03-04 23:00:00,2025-03-05 00:00:00,WN,2,2,0,0,0.50,0.00,0.00
2025-03-05 00:00:00,2025-03-05 01:00:00,UA,2,2,0,0,-4.50,0.00,0.00
2025-03-05 00:00:00,2025-03-05 01:00:00,AA,9,9,0,0,4.00,0.00,22.22
2025-03-05 00:00:00,2025-03-05 01:00:00,DL,2,2,0,0,-10.50,0.00,0.00
2025-03-05 01:00:00,2025-03-05 02:00:00,DL,2,2,0,0,-3.00,0.00,0.00
2025-03-05 01:00:00,2025-03-05 02:00:00,AA,1,1,0,0,-5.00,0.00,0.00
2025-03-05 01:00:00,2025-03-05 02:00:00,UA,1,1,0,0,1.00,0.00,0.00
2025-03-05 02:00:00,2025-03-05 03:00:00,UA,1,1,0,0,-13.00,0.00,0.00
2025-03-05 05:00:00,2025-03-05 06:00:00,WN,30,30,0,0,13.70,0.00,10.00
2025-03-05 05:00:00,2025-03-05 06:00:00,AA,83,69,14,0,53.38,16.87,18.84
2025-03-05 05:00:00,2025-03-05 06:00:00,DL,69,69,0,0,27.52,0.00,15.94
2025-03-05 05:00:00,2025-03-05 06:00:00,UA,28,27,1,0,2.26,3.57,14.81
2025-03-05 06:00:00,2025-03-05 07:00:00,WN,223,210,10,3,0.75,4.48,5.63
2025-03-05 06:00:00,2025-03-05 07:00:00,AA,179,148,28,3,24.17,15.64,13.91
2025-03-05 06:00:00,2025-03-05 07:00:00,UA,122,122,0,0,10.09,0.00,8.20
2025-03-05 06:00:00,2025-03-05 07:00:00,DL,183,182,0,1,13.25,0.00,12.57
2025-03-05 07:00:00,2025-03-05 08:00:00,WN,191,188,3,0,5.41,1.57,5.85
2025-03-05 07:00:00,2025-03-05 08:00:00,UA,180,179,1,0,-2.39,0.56,6.15
2025-03-05 07:00:00,2025-03-05 08:00:00,DL,227,225,2,0,9.79,0.88,12.89
2025-03-05 07:00:00,2025-03-05 08:00:00,AA,173,162,11,0,10.85,6.36,16.67
2025-03-05 08:00:00,2025-03-05 09:00:00,UA,188,184,4,0,0.83,2.13,9.24
2025-03-05 08:00:00,2025-03-05 09:00:00,WN,245,227,13,5,3.37,5.31,8.19
2025-03-05 08:00:00,2025-03-05 09:00:00,DL,176,176,0,0,18.59,0.00,17.61
2025-03-05 08:00:00,2025-03-05 09:00:00,AA,195,177,16,2,9.97,8.21,14.53
2025-03-05 09:00:00,2025-03-05 10:00:00,WN,236,228,5,3,4.84,2.12,9.96
2025-03-05 09:00:00,2025-03-05 10:00:00,AA,131,115,15,1,8.79,11.45,20.69
2025-03-05 09:00:00,2025-03-05 10:00:00,DL,124,122,2,0,15.84,1.61,22.95
2025-03-05 09:00:00,2025-03-05 10:00:00,UA,136,133,3,0,-0.12,2.21,6.02
2025-03-05 10:00:00,2025-03-05 11:00:00,UA,122,121,0,1,4.70,0.00,15.57
2025-03-05 10:00:00,2025-03-05 11:00:00,WN,202,199,3,0,5.13,1.49,15.58
2025-03-05 10:00:00,2025-03-05 11:00:00,AA,136,132,3,1,13.44,2.21,22.56
2025-03-05 10:00:00,2025-03-05 11:00:00,DL,154,153,0,1,16.14,0.00,24.03
2025-03-05 11:00:00,2025-03-05 12:00:00,AA,161,155,5,1,9.44,3.11,19.23
2025-03-05 11:00:00,2025-03-05 12:00:00,DL,187,184,0,3,24.98,0.00,26.20
2025-03-05 11:00:00,2025-03-05 12:00:00,UA,126,124,2,0,4.35,1.59,12.90
2025-03-05 11:00:00,2025-03-05 12:00:00,WN,264,252,12,0,9.74,4.55,17.86
2025-03-05 12:00:00,2025-03-05 13:00:00,UA,124,123,1,0,4.68,0.81,12.20
2025-03-05 12:00:00,2025-03-05 13:00:00,WN,182,175,5,2,6.55,2.75,14.69
2025-03-05 12:00:00,2025-03-05 13:00:00,AA,127,124,3,0,13.39,2.36,25.81
2025-03-05 12:00:00,2025-03-05 13:00:00,DL,174,172,2,0,26.30,1.15,32.56
2025-03-05 13:00:00,2025-03-05 14:00:00,AA,141,139,1,1,17.05,0.71,25.71
2025-03-05 13:00:00,2025-03-05 14:00:00,WN,242,235,4,3,12.46,1.65,23.95
2025-03-05 13:00:00,2025-03-05 14:00:00,DL,143,142,0,1,21.71,0.00,31.47
2025-03-05 13:00:00,2025-03-05 14:00:00,UA,143,141,1,1,5.56,0.70,12.68
2025-03-05 14:00:00,2025-03-05 15:00:00,DL,122,121,0,1,25.60,0.00,38.52
2025-03-05 14:00:00,2025-03-05 15:00:00,UA,123,123,0,0,8.83,0.00,17.89
2025-03-05 14:00:00,2025-03-05 15:00:00,AA,146,141,3,2,15.76,2.05,25.87
2025-03-05 14:00:00,2025-03-05 15:00:00,WN,215,212,2,1,10.53,0.93,20.66
2025-03-05 15:00:00,2025-03-05 16:00:00,AA,119,116,3,0,23.66,2.52,34.48
2025-03-05 15:00:00,2025-03-05 16:00:00,DL,181,180,0,1,33.68,0.00,39.78
2025-03-05 15:00:00,2025-03-05 16:00:00,UA,91,91,0,0,15.07,0.00,23.08
2025-03-05 15:00:00,2025-03-05 16:00:00,WN,231,226,5,0,11.09,2.16,25.22
2025-03-05 16:00:00,2025-03-05 17:00:00,WN,210,203,5,2,19.01,2.38,30.73
2025-03-05 16:00:00,2025-03-05 17:00:00,AA,145,145,0,0,19.01,0.00,26.21
2025-03-05 16:00:00,2025-03-05 17:00:00,DL,121,119,1,1,25.85,0.83,35.00
2025-03-05 16:00:00,2025-03-05 17:00:00,UA,137,137,0,0,14.53,0.00,21.90
2025-03-05 17:00:00,2025-03-05 18:00:00,AA,152,151,1,0,23.83,0.66,35.76
2025-03-05 17:00:00,2025-03-05 18:00:00,UA,141,138,3,0,13.25,2.13,21.74
2025-03-05 17:00:00,2025-03-05 18:00:00,DL,173,171,2,0,30.30,1.16,35.09
2025-03-05 17:00:00,2025-03-05 18:00:00,WN,204,203,0,1,12.72,0.00,24.51
2025-03-05 18:00:00,2025-03-05 19:00:00,UA,143,142,1,0,16.59,0.70,28.87
2025-03-05 18:00:00,2025-03-05 19:00:00,AA,152,152,0,0,24.86,0.00,32.24
2025-03-05 18:00:00,2025-03-05 19:00:00,DL,144,144,0,0,25.31,0.00,43.75
2025-03-05 18:00:00,2025-03-05 19:00:00,WN,262,259,3,0,16.92,1.15,34.75
2025-03-05 19:00:00,2025-03-05 20:00:00,AA,126,125,0,1,24.46,0.00,33.33
2025-03-05 19:00:00,2025-03-05 20:00:00,WN,122,119,0,3,14.66,0.00,28.69
2025-03-05 19:00:00,2025-03-05 20:00:00,DL,122,121,0,1,39.02,0.00,50.82
2025-03-05 19:00:00,2025-03-05 20:00:00,UA,125,124,1,0,17.86,0.80,25.00
2025-03-05 20:00:00,2025-03-05 21:00:00,AA,114,112,2,0,15.18,1.75,31.25
2025-03-05 20:00:00,2025-03-05 21:00:00,DL,75,74,0,1,37.23,0.00,49.33
2025-03-05 20:00:00,2025-03-05 21:00:00,UA,75,74,1,0,16.38,1.33,25.68
2025-03-05 20:00:00,2025-03-05 21:00:00,WN,165,164,1,0,14.17,0.61,29.88
2025-03-05 21:00:00,2025-03-05 22:00:00,WN,17,17,0,0,24.18,0.00,35.29
2025-03-05 21:00:00,2025-03-05 22:00:00,AA,84,83,1,0,11.08,1.19,18.07
2025-03-05 21:00:00,2025-03-05 22:00:00,DL,69,68,1,0,17.51,1.45,36.76
2025-03-05 21:00:00,2025-03-05 22:00:00,UA,36,36,0,0,18.97,0.00,22.22
2025-03-05 22:00:00,2025-03-05 23:00:00,UA,32,32,0,0,-0.69,0.00,6.25
2025-03-05 22:00:00,2025-03-05 23:00:00,AA,66,66,0,0,4.45,0.00,10.61
2025-03-05 22:00:00,2025-03-05 23:00:00,WN,2,2,0,0,4.50,0.00,50.00
2025-03-05 22:00:00,2025-03-05 23:00:00,DL,88,88,0,0,11.36,0.00,13.64
2025-03-05 23:00:00,2025-03-06 00:00:00,AA,23,23,0,0,5.61,0.00,17.39
2025-03-05 23:00:00,2025-03-06 00:00:00,DL,20,20,0,0,3.55,0.00,15.00
2025-03-05 23:00:00,2025-03-06 00:00:00,UA,37,37,0,0,-4.70,0.00,8.11
2025-03-05 23:00:00,2025-03-06 00:00:00,WN,2,2,0,0,-6.50,0.00,0.00
2025-03-06 00:00:00,2025-03-06 01:00:00,DL,2,2,0,0,4.00,0.00,50.00
2025-03-06 00:00:00,2025-03-06 01:00:00,UA,5,5,0,0,-7.80,0.00,0.00
2025-03-06 00:00:00,2025-03-06 01:00:00,AA,11,11,0,0,39.91,0.00,9.09
2025-03-06 01:00:00,2025-03-06 02:00:00,DL,2,2,0,0,-11.50,0.00,0.00
2025-03-06 01:00:00,2025-03-06 02:00:00,UA,2,2,0,0,48.50,0.00,50.00
2025-03-06 01:00:00,2025-03-06 02:00:00,AA,1,1,0,0,-8.00,0.00,0.00
2025-03-06 02:00:00,2025-03-06 03:00:00,UA,1,1,0,0,-9.00,0.00,0.00
2025-03-06 05:00:00,2025-03-06 06:00:00,DL,69,69,0,0,-1.96,0.00,5.80
2025-03-06 05:00:00,2025-03-06 06:00:00,UA,40,39,1,0,6.00,2.50,7.69
2025-03-06 05:00:00,2025-03-06 06:00:00,WN,178,178,0,0,0.49,0.00,4.49
2025-03-06 05:00:00,2025-03-06 06:00:00,AA,106,105,1,0,5.93,0.94,7.62
2025-03-06 06:00:00,2025-03-06 07:00:00,UA,141,141,0,0,-1.49,0.00,2.84
2025-03-06 06:00:00,2025-03-06 07:00:00,AA,184,183,1,0,4.36,0.54,7.10
2025-03-06 06:00:00,2025-03-06 07:00:00,WN,305,305,0,0,-0.10,0.00,6.23
2025-03-06 06:00:00,2025-03-06 07:00:00,DL,187,186,1,0,5.82,0.53,10.75
2025-03-06 07:00:00,2025-03-06 08:00:00,WN,236,236,0,0,0.56,0.00,6.78
2025-03-06 07:00:00,2025-03-06 08:00:00,DL,234,234,0,0,6.62,0.00,9.83
2025-03-06 07:00:00,2025-03-06 08:00:00,AA,207,206,1,0,2.51,0.48,6.80
2025-03-06 07:00:00,2025-03-06 08:00:00,UA,201,201,0,0,-3.84,0.00,3.48
2025-03-06 08:00:00,2025-03-06 09:00:00,WN,252,252,0,0,2.62,0.00,9.13
2025-03-06 08:00:00,2025-03-06 09:00:00,UA,178,178,0,0,0.68,0.00,8.99
2025-03-06 08:00:00,2025-03-06 09:00:00,AA,199,198,0,1,6.35,0.00,7.54
2025-03-06 08:00:00,2025-03-06 09:00:00,DL,176,176,0,0,3.66,0.00,11.93
2025-03-06 09:00:00,2025-03-06 10:00:00,WN,254,253,0,1,3.71,0.00,11.42
2025-03-06 09:00:00,2025-03-06 10:00:00,AA,136,136,0,0,6.55,0.00,10.29
2025-03-06 09:00:00,2025-03-06 10:00:00,DL,125,125,0,0,2.76,0.00,9.60
2025-03-06 09:00:00,2025-03-06 10:00:00,UA,131,131,0,0,-1.44,0.00,6.11
2025-03-06 10:00:00,2025-03-06 11:00:00,UA,127,127,0,0,10.15,0.00,14.96
2025-03-06 10:00:00,2025-03-06 11:00:00,WN,237,237,0,0,2.89,0.00,11.81
2025-03-06 10:00:00,2025-03-06 11:00:00,AA,133,133,0,0,8.24,0.00,12.78
2025-03-06 10:00:00,2025-03-06 11:00:00,DL,158,156,1,1,2.06,0.63,10.19
2025-03-06 11:00:00,2025-03-06 12:00:00,AA,168,168,0,0,15.39,0.00,11.90
2025-03-06 11:00:00,2025-03-06 12:00:00,WN,234,233,1,0,4.80,0.43,16.31
2025-03-06 11:00:00,2025-03-06 12:00:00,DL,189,189,0,0,3.79,0.00,10.58
2025-03-06 11:00:00,2025-03-06 12:00:00,UA,125,125,0,0,1.78,0.00,9.60
2025-03-06 12:00:00,2025-03-06 13:00:00,AA,147,147,0,0,10.41,0.00,18.37
2025-03-06 12:00:00,2025-03-06 13:00:00,DL,182,182,0,0,4.32,0.00,17.03
2025-03-06 12:00:00,2025-03-06 13:00:00,WN,233,233,0,0,7.45,0.00,18.88
2025-03-06 12:00:00,2025-03-06 13:00:00,UA,131,130,0,1,0.99,0.00,7.63
2025-03-06 13:00:00,2025-03-06 14:00:00,DL,147,147,0,0,3.00,0.00,12.93
2025-03-06 13:00:00,2025-03-06 14:00:00,UA,129,128,1,0,2.66,0.78,12.50
2025-03-06 13:00:00,2025-03-06 14:00:00,AA,143,142,0,1,5.90,0.00,12.59
2025-03-06 13:00:00,2025-03-06 14:00:00,WN,238,233,5,0,13.12,2.10,24.89
2025-03-06 14:00:00,2025-03-06 15:00:00,AA,156,156,0,0,4.62,0.00,15.38
2025-03-06 14:00:00,2025-03-06 15:00:00,WN,255,251,2,2,11.59,0.78,28.46
2025-03-06 14:00:00,2025-03-06 15:00:00,DL,138,137,0,1,8.50,0.00,13.77
2025-03-06 14:00:00,2025-03-06 15:00:00,UA,133,132,0,1,6.04,0.00,11.28
2025-03-06 15:00:00,2025-03-06 16:00:00,AA,122,121,1,0,11.56,0.82,19.01
2025-03-06 15:00:00,2025-03-06 16:00:00,DL,186,185,0,1,6.03,0.00,18.28
2025-03-06 15:00:00,2025-03-06 16:00:00,WN,214,212,2,0,12.54,0.93,29.25
2025-03-06 15:00:00,2025-03-06 16:00:00,UA,95,93,2,0,5.94,2.11,12.90
2025-03-06 16:00:00,2025-03-06 17:00:00,DL,141,140,0,1,11.23,0.00,24.11
2025-03-06 16:00:00,2025-03-06 17:00:00,UA,139,139,0,0,6.46,0.00,10.07
2025-03-06 16:00:00,2025-03-06 17:00:00,AA,160,157,0,3,13.49,0.00,18.75
2025-03-06 16:00:00,2025-03-06 17:00:00,WN,230,224,4,2,12.43,1.74,30.53
2025-03-06 17:00:00,2025-03-06 18:00:00,AA,153,151,1,1,16.79,0.65,20.39
2025-03-06 17:00:00,2025-03-06 18:00:00,WN,249,246,1,2,14.55,0.40,32.66
2025-03-06 17:00:00,2025-03-06 18:00:00,DL,176,174,0,2,4.81,0.00,11.93
2025-03-06 17:00:00,2025-03-06 18:00:00,UA,145,145,0,0,7.30,0.00,12.41
2025-03-06 18:00:00,2025-03-06 19:00:00,AA,172,171,0,1,11.40,0.00,18.60
2025-03-06 18:00:00,2025-03-06 19:00:00,DL,158,157,0,1,4.63,0.00,17.09
2025-03-06 18:00:00,2025-03-06 19:00:00,WN,241,234,3,4,15.84,1.24,33.19
2025-03-06 18:00:00,2025-03-06 19:00:00,UA,153,153,0,0,4.73,0.00,13.07
2025-03-06 19:00:00,2025-03-06 20:00:00,DL,167,166,0,1,8.72,0.00,22.75
2025-03-06 19:00:00,2025-03-06 20:00:00,UA,130,129,1,0,5.42,0.77,13.18
2025-03-06 19:00:00,2025-03-06 20:00:00,AA,161,161,0,0,19.02,0.00,30.43
2025-03-06 19:00:00,2025-03-06 20:00:00,WN,224,216,4,4,15.27,1.79,33.18
2025-03-06 20:00:00,2025-03-06 21:00:00,AA,119,119,0,0,3.92,0.00,15.13
2025-03-06 20:00:00,2025-03-06 21:00:00,WN,281,280,1,0,15.78,0.36,30.00
2025-03-06 20:00:00,2025-03-06 21:00:00,DL,101,101,0,0,8.05,0.00,21.78
2025-03-06 20:00:00,2025-03-06 21:00:00,UA,101,101,0,0,13.01,0.00,21.78
2025-03-06 21:00:00,2025-03-06 22:00:00,AA,97,97,0,0,20.52,0.00,32.99
2025-03-06 21:00:00,2025-03-06 22:00:00,DL,95,95,0,0,7.92,0.00,22.11
2025-03-06 21:00:00,2025-03-06 22:00:00,UA,63,62,0,1,7.95,0.00,19.05
2025-03-06 21:00:00,2025-03-06 22:00:00,WN,169,165,4,0,22.55,2.37,35.76
2025-03-06 22:00:00,2025-03-06 23:00:00,DL,93,93,0,0,18.68,0.00,17.20
2025-03-06 22:00:00,2025-03-06 23:00:00,AA,101,101,0,0,20.97,0.00,17.82
2025-03-06 22:00:00,2025-03-06 23:00:00,UA,36,36,0,0,5.97,0.00,16.67
2025-03-06 22:00:00,2025-03-06 23:00:00,WN,142,139,3,0,12.56,2.11,29.50
2025-03-06 23:00:00,2025-03-07 00:00:00,UA,41,40,1,0,-0.90,2.44,10.00
2025-03-06 23:00:00,2025-03-07 00:00:00,AA,32,32,0,0,4.53,0.00,21.88
2025-03-06 23:00:00,2025-03-07 00:00:00,WN,17,16,1,0,14.38,5.88,31.25
2025-03-06 23:00:00,2025-03-07 00:00:00,DL,26,26,0,0,8.27,0.00,23.08
2025-03-07 00:00:00,2025-03-07 01:00:00,AA,15,15,0,0,-2.93,0.00,6.67
2025-03-07 00:00:00,2025-03-07 01:00:00,UA,10,10,0,0,10.80,0.00,20.00
2025-03-07 00:00:00,2025-03-07 01:00:00,DL,4,4,0,0,-11.25,0.00,0.00
2025-03-07 01:00:00,2025-03-07 02:00:00,UA,2,2,0,0,16.50,0.00,50.00
2025-03-07 01:00:00,2025-03-07 02:00:00,DL,2,2,0,0,-9.50,0.00,0.00
2025-03-07 01:00:00,2025-03-07 02:00:00,AA,1,1,0,0,1.00,0.00,0.00
2025-03-07 02:00:00,2025-03-07 03:00:00,UA,1,1,0,0,-9.00,0.00,0.00
2025-03-07 05:00:00,2025-03-07 06:00:00,AA,110,110,0,0,4.39,0.00,7.27
2025-03-07 05:00:00,2025-03-07 06:00:00,WN,180,179,1,0,-2.37,0.56,2.23
2025-03-07 05:00:00,2025-03-07 06:00:00,UA,39,39,0,0,4.13,0.00,10.26
2025-03-07 05:00:00,2025-03-07 06:00:00,DL,69,69,0,0,-3.80,0.00,4.35
2025-03-07 06:00:00,2025-03-07 07:00:00,AA,185,184,0,1,2.09,0.00,8.65
2025-03-07 06:00:00,2025-03-07 07:00:00,DL,187,187,0,0,-0.95,0.00,5.35
2025-03-07 06:00:00,2025-03-07 07:00:00,WN,307,305,2,0,1.18,0.65,6.23
2025-03-07 06:00:00,2025-03-07 07:00:00,UA,143,143,0,0,-3.43,0.00,3.50
2025-03-07 07:00:00,2025-03-07 08:00:00,AA,214,213,1,0,3.38,0.47,10.80
2025-03-07 07:00:00,2025-03-07 08:00:00,UA,203,203,0,0,-3.16,0.00,4.93
2025-03-07 07:00:00,2025-03-07 08:00:00,WN,235,235,0,0,0.11,0.00,5.53
2025-03-07 07:00:00,2025-03-07 08:00:00,DL,234,234,0,0,-0.24,0.00,7.26
2025-03-07 08:00:00,2025-03-07 09:00:00,AA,198,198,0,0,3.41,0.00,12.12
2025-03-07 08:00:00,2025-03-07 09:00:00,UA,179,178,1,0,3.27,0.56,11.24
2025-03-07 08:00:00,2025-03-07 09:00:00,DL,176,176,0,0,0.98,0.00,7.95
2025-03-07 08:00:00,2025-03-07 09:00:00,WN,254,252,1,1,5.21,0.39,13.44
2025-03-07 09:00:00,2025-03-07 10:00:00,AA,134,133,1,0,13.72,0.75,16.54
2025-03-07 09:00:00,2025-03-07 10:00:00,WN,254,252,2,0,7.41,0.79,17.86
2025-03-07 09:00:00,2025-03-07 10:00:00,DL,125,125,0,0,-0.78,0.00,7.20
2025-03-07 09:00:00,2025-03-07 10:00:00,UA,131,131,0,0,3.40,0.00,11.45
2025-03-07 10:00:00,2025-03-07 11:00:00,AA,135,135,0,0,5.43,0.00,12.59
2025-03-07 10:00:00,2025-03-07 11:00:00,DL,160,160,0,0,4.69,0.00,14.37
2025-03-07 10:00:00,2025-03-07 11:00:00,UA,128,128,0,0,6.20,0.00,12.50
2025-03-07 10:00:00,2025-03-07 11:00:00,WN,237,235,1,1,9.76,0.42,19.07
2025-03-07 11:00:00,2025-03-07 12:00:00,AA,166,166,0,0,3.16,0.00,14.46
2025-03-07 11:00:00,2025-03-07 12:00:00,UA,126,126,0,0,6.23,0.00,15.08
2025-03-07 11:00:00,2025-03-07 12:00:00,DL,190,188,0,2,4.46,0.00,11.58
2025-03-07 11:00:00,2025-03-07 12:00:00,WN,234,232,2,0,10.89,0.85,23.71
2025-03-07 12:00:00,2025-03-07 13:00:00,WN,233,231,1,1,15.79,0.43,28.88
2025-03-07 12:00:00,2025-03-07 13:00:00,AA,149,148,1,0,14.64,0.67,25.68
2025-03-07 12:00:00,2025-03-07 13:00:00,DL,180,178,0,2,3.64,0.00,16.67
2025-03-07 12:00:00,2025-03-07 13:00:00,UA,129,128,1,0,1.44,0.78,10.94
2025-03-07 13:00:00,2025-03-07 14:00:00,UA,128,128,0,0,6.72,0.00,14.84
2025-03-07 13:00:00,2025-03-07 14:00:00,WN,238,236,0,2,17.68,0.00,35.29
2025-03-07 13:00:00,2025-03-07 14:00:00,AA,141,141,0,0,11.06,0.00,20.57
2025-03-07 13:00:00,2025-03-07 14:00:00,DL,147,147,0,0,5.67,0.00,11.56
2025-03-07 14:00:00,2025-03-07 15:00:00,WN,255,253,2,0,19.02,0.78,33.99
2025-03-07 14:00:00,2025-03-07 15:00:00,UA,135,135,0,0,12.93,0.00,26.67
2025-03-07 14:00:00,2025-03-07 15:00:00,AA,156,155,0,1,9.78,0.00,21.79
2025-03-07 14:00:00,2025-03-07 15:00:00,DL,138,138,0,0,5.88,0.00,13.77
2025-03-07 15:00:00,2025-03-07 16:00:00,WN,214,214,0,0,25.30,0.00,41.12
2025-03-07 15:00:00,2025-03-07 16:00:00,AA,121,120,0,1,25.64,0.00,25.62
2025-03-07 15:00:00,2025-03-07 16:00:00,DL,187,187,0,0,8.24,0.00,19.25
2025-03-07 15:00:00,2025-03-07 16:00:00,UA,90,90,0,0,8.79,0.00,22.22
2025-03-07 16:00:00,2025-03-07 17:00:00,AA,161,161,0,0,18.42,0.00,29.81
2025-03-07 16:00:00,2025-03-07 17:00:00,DL,141,141,0,0,7.56,0.00,21.28
2025-03-07 16:00:00,2025-03-07 17:00:00,WN,230,229,1,0,24.76,0.43,40.17
2025-03-07 16:00:00,2025-03-07 17:00:00,UA,145,145,0,0,10.28,0.00,19.31
2025-03-07 17:00:00,2025-03-07 18:00:00,DL,176,176,0,0,6.32,0.00,17.61
2025-03-07 17:00:00,2025-03-07 18:00:00,WN,249,248,1,0,24.08,0.40,39.52
2025-03-07 17:00:00,2025-03-07 18:00:00,UA,141,141,0,0,14.68,0.00,26.95
2025-03-07 17:00:00,2025-03-07 18:00:00,AA,152,152,0,0,14.24,0.00,18.42
2025-03-07 18:00:00,2025-03-07 19:00:00,UA,154,154,0,0,13.73,0.00,25.32
2025-03-07 18:00:00,2025-03-07 19:00:00,AA,174,174,0,0,18.79,0.00,31.61
2025-03-07 18:00:00,2025-03-07 19:00:00,DL,158,158,0,0,20.13,0.00,25.32
2025-03-07 18:00:00,2025-03-07 19:00:00,WN,242,241,1,0,22.07,0.41,36.51
2025-03-07 19:00:00,2025-03-07 20:00:00,WN,224,224,0,0,23.83,0.00,41.52
2025-03-07 19:00:00,2025-03-07 20:00:00,UA,135,135,0,0,7.30,0.00,18.52
2025-03-07 19:00:00,2025-03-07 20:00:00,AA,160,160,0,0,16.95,0.00,30.63
2025-03-07 19:00:00,2025-03-07 20:00:00,DL,166,166,0,0,8.96,0.00,21.08
2025-03-07 20:00:00,2025-03-07 21:00:00,AA,120,120,0,0,16.50,0.00,22.50
2025-03-07 20:00:00,2025-03-07 21:00:00,UA,98,98,0,0,12.21,0.00,29.59
2025-03-07 20:00:00,2025-03-07 21:00:00,WN,280,280,0,0,21.13,0.00,41.43
2025-03-07 20:00:00,2025-03-07 21:00:00,DL,101,101,0,0,9.99,0.00,25.74
2025-03-07 21:00:00,2025-03-07 22:00:00,WN,169,169,0,0,17.82,0.00,37.87
2025-03-07 21:00:00,2025-03-07 22:00:00,AA,98,98,0,0,20.17,0.00,22.45
2025-03-07 21:00:00,2025-03-07 22:00:00,DL,97,97,0,0,2.94,0.00,10.31
2025-03-07 21:00:00,2025-03-07 22:00:00,UA,64,64,0,0,8.86,0.00,26.56
2025-03-07 22:00:00,2025-03-07 23:00:00,AA,101,101,0,0,17.46,0.00,29.70
2025-03-07 22:00:00,2025-03-07 23:00:00,DL,93,93,0,0,0.99,0.00,11.83
2025-03-07 22:00:00,2025-03-07 23:00:00,UA,33,33,0,0,4.52,0.00,21.21
2025-03-07 22:00:00,2025-03-07 23:00:00,WN,140,140,0,0,17.67,0.00,33.57
2025-03-07 23:00:00,2025-03-08 00:00:00,WN,17,17,0,0,9.59,0.00,23.53
2025-03-07 23:00:00,2025-03-08 00:00:00,AA,32,32,0,0,4.81,0.00,15.62
2025-03-07 23:00:00,2025-03-08 00:00:00,DL,25,25,0,0,-0.48,0.00,8.00
2025-03-07 23:00:00,2025-03-08 00:00:00,UA,44,44,0,0,-1.36,0.00,9.09
2025-03-08 00:00:00,2025-03-08 01:00:00,AA,15,15,0,0,-6.33,0.00,0.00
2025-03-08 00:00:00,2025-03-08 01:00:00,UA,9,9,0,0,-0.78,0.00,0.00
2025-03-08 00:00:00,2025-03-08 01:00:00,DL,4,4,0,0,-10.00,0.00,0.00
2025-03-08 01:00:00,2025-03-08 02:00:00,AA,1,1,0,0,3.00,0.00,0.00
2025-03-08 01:00:00,2025-03-08 02:00:00,DL,2,2,0,0,-3.00,0.00,0.00
2025-03-08 01:00:00,2025-03-08 02:00:00,UA,2,2,0,0,-14.50,0.00,0.00
2025-03-08 02:00:00,2025-03-08 03:00:00,UA,1,1,0,0,-9.00,0.00,0.00
2025-03-08 05:00:00,2025-03-08 06:00:00,AA,107,106,0,1,12.95,0.00,11.21
2025-03-08 05:00:00,2025-03-08 06:00:00,WN,180,177,0,3,-0.16,0.00,5.00
2025-03-08 05:00:00,2025-03-08 06:00:00,UA,48,48,0,0,-4.75,0.00,0.00
2025-03-08 05:00:00,2025-03-08 06:00:00,DL,59,59,0,0,-2.07,0.00,3.39
2025-03-08 06:00:00,2025-03-08 07:00:00,UA,145,144,0,1,-3.09,0.00,3.45
2025-03-08 06:00:00,2025-03-08 07:00:00,AA,178,178,0,0,11.14,0.00,10.67
2025-03-08 06:00:00,2025-03-08 07:00:00,DL,173,172,0,1,1.29,0.00,5.78
2025-03-08 06:00:00,2025-03-08 07:00:00,WN,281,277,3,1,2.20,1.07,8.63
2025-03-08 07:00:00,2025-03-08 08:00:00,WN,221,219,1,1,0.10,0.45,7.27
2025-03-08 07:00:00,2025-03-08 08:00:00,AA,198,197,1,0,12.91,0.51,10.66
2025-03-08 07:00:00,2025-03-08 08:00:00,DL,209,209,0,0,-2.84,0.00,5.26
2025-03-08 07:00:00,2025-03-08 08:00:00,UA,182,181,1,0,-2.75,0.55,5.52
2025-03-08 08:00:00,2025-03-08 09:00:00,AA,184,184,0,0,22.38,0.00,20.65
2025-03-08 08:00:00,2025-03-08 09:00:00,DL,151,151,0,0,1.23,0.00,6.62
2025-03-08 08:00:00,2025-03-08 09:00:00,WN,216,216,0,0,0.80,0.00,8.80
2025-03-08 08:00:00,2025-03-08 09:00:00,UA,158,158,0,0,-2.65,0.00,5.06
2025-03-08 09:00:00,2025-03-08 10:00:00,DL,119,119,0,0,-0.34,0.00,5.88
2025-03-08 09:00:00,2025-03-08 10:00:00,WN,206,205,1,0,7.29,0.49,10.73
2025-03-08 09:00:00,2025-03-08 10:00:00,UA,113,113,0,0,-1.55,0.00,4.42
2025-03-08 09:00:00,2025-03-08 10:00:00,AA,119,118,1,0,23.24,0.84,20.34
2025-03-08 10:00:00,2025-03-08 11:00:00,UA,118,118,0,0,2.79,0.00,8.47
2025-03-08 10:00:00,2025-03-08 11:00:00,AA,124,124,0,0,10.97,0.00,21.77
2025-03-08 10:00:00,2025-03-08 11:00:00,DL,128,128,0,0,-1.95,0.00,6.25
2025-03-08 10:00:00,2025-03-08 11:00:00,WN,189,188,1,0,5.79,0.53,10.64
2025-03-08 11:00:00,2025-03-08 12:00:00,AA,152,151,0,1,14.41,0.00,23.68
2025-03-08 11:00:00,2025-03-08 12:00:00,WN,213,213,0,0,4.53,0.00,13.62
2025-03-08 11:00:00,2025-03-08 12:00:00,UA,109,109,0,0,0.67,0.00,8.26
2025-03-08 11:00:00,2025-03-08 12:00:00,DL,175,175,0,0,1.14,0.00,10.29
2025-03-08 12:00:00,2025-03-08 13:00:00,WN,188,186,1,1,5.57,0.53,13.37
2025-03-08 12:00:00,2025-03-08 13:00:00,UA,105,104,0,1,6.97,0.00,14.29
2025-03-08 12:00:00,2025-03-08 13:00:00,AA,125,124,0,1,19.87,0.00,31.20
2025-03-08 12:00:00,2025-03-08 13:00:00,DL,154,154,0,0,0.73,0.00,7.79
2025-03-08 13:00:00,2025-03-08 14:00:00,WN,232,231,1,0,11.56,0.43,17.32
2025-03-08 13:00:00,2025-03-08 14:00:00,AA,129,129,0,0,19.51,0.00,27.91
2025-03-08 13:00:00,2025-03-08 14:00:00,DL,128,127,0,1,3.30,0.00,8.59
2025-03-08 13:00:00,2025-03-08 14:00:00,UA,119,119,0,0,1.56,0.00,9.24
2025-03-08 14:00:00,2025-03-08 15:00:00,UA,119,118,1,0,1.07,0.84,8.47
2025-03-08 14:00:00,2025-03-08 15:00:00,WN,197,196,1,0,7.06,0.51,15.31
2025-03-08 14:00:00,2025-03-08 15:00:00,AA,141,140,0,1,21.98,0.00,33.33
2025-03-08 14:00:00,2025-03-08 15:00:00,DL,120,119,1,0,3.69,0.83,12.61
2025-03-08 15:00:00,2025-03-08 16:00:00,AA,114,114,0,0,32.89,0.00,46.49
2025-03-08 15:00:00,2025-03-08 16:00:00,DL,152,152,0,0,3.97,0.00,9.87
2025-03-08 15:00:00,2025-03-08 16:00:00,UA,88,88,0,0,1.94,0.00,5.68
2025-03-08 15:00:00,2025-03-08 16:00:00,WN,222,222,0,0,10.46,0.00,28.83
2025-03-08 16:00:00,2025-03-08 17:00:00,WN,203,201,1,1,9.28,0.49,21.78
2025-03-08 16:00:00,2025-03-08 17:00:00,AA,150,150,0,0,19.35,0.00,34.00
2025-03-08 16:00:00,2025-03-08 17:00:00,DL,103,103,0,0,4.30,0.00,11.65
2025-03-08 16:00:00,2025-03-08 17:00:00,UA,125,125,0,0,5.57,0.00,13.60
2025-03-08 17:00:00,2025-03-08 18:00:00,AA,145,145,0,0,33.77,0.00,34.48
2025-03-08 17:00:00,2025-03-08 18:00:00,UA,122,121,1,0,2.80,0.82,9.92
2025-03-08 17:00:00,2025-03-08 18:00:00,DL,149,148,1,0,1.32,0.67,7.43
2025-03-08 17:00:00,2025-03-08 18:00:00,WN,218,217,1,0,9.36,0.46,24.88
2025-03-08 18:00:00,2025-03-08 19:00:00,UA,125,125,0,0,6.28,0.00,16.00
2025-03-08 18:00:00,2025-03-08 19:00:00,AA,158,157,1,0,33.88,0.63,47.77
2025-03-08 18:00:00,2025-03-08 19:00:00,DL,112,112,0,0,6.29,0.00,16.07
2025-03-08 18:00:00,2025-03-08 19:00:00,WN,222,221,1,0,6.54,0.45,18.55
2025-03-08 19:00:00,2025-03-08 20:00:00,AA,150,150,0,0,27.75,0.00,47.33
2025-03-08 19:00:00,2025-03-08 20:00:00,WN,234,234,0,0,6.71,0.00,17.52
2025-03-08 19:00:00,2025-03-08 20:00:00,DL,94,94,0,0,8.85,0.00,17.02
2025-03-08 19:00:00,2025-03-08 20:00:00,UA,125,125,0,0,5.28,0.00,15.20
2025-03-08 20:00:00,2025-03-08 21:00:00,AA,117,116,0,1,25.59,0.00,42.74
2025-03-08 20:00:00,2025-03-08 21:00:00,DL,75,75,0,0,-1.61,0.00,9.33
2025-03-08 20:00:00,2025-03-08 21:00:00,UA,85,84,1,0,13.04,1.18,34.52
2025-03-08 20:00:00,2025-03-08 21:00:00,WN,233,233,0,0,7.73,0.00,21.89
2025-03-08 21:00:00,2025-03-08 22:00:00,UA,48,48,0,0,9.35,0.00,25.00
2025-03-08 21:00:00,2025-03-08 22:00:00,AA,109,109,0,0,15.72,0.00,24.77
2025-03-08 21:00:00,2025-03-08 22:00:00,WN,172,172,0,0,4.62,0.00,13.95
2025-03-08 21:00:00,2025-03-08 22:00:00,DL,69,69,0,0,-0.87,0.00,7.25
2025-03-08 22:00:00,2025-03-08 23:00:00,WN,107,107,0,0,2.36,0.00,11.21
2025-03-08 22:00:00,2025-03-08 23:00:00,AA,103,103,0,0,15.14,0.00,33.98
2025-03-08 22:00:00,2025-03-08 23:00:00,DL,70,70,0,0,-0.50,0.00,10.00
2025-03-08 22:00:00,2025-03-08 23:00:00,UA,41,41,0,0,-0.39,0.00,7.32
2025-03-08 23:00:00,2025-03-09 00:00:00,UA,33,33,0,0,-0.82,0.00,12.12
2025-03-08 23:00:00,2025-03-09 00:00:00,AA,21,21,0,0,11.67,0.00,23.81
2025-03-08 23:00:00,2025-03-09 00:00:00,DL,12,12,0,0,10.42,0.00,16.67
2025-03-08 23:00:00,2025-03-09 00:00:00,WN,20,20,0,0,-0.10,0.00,10.00
2025-03-09 00:00:00,2025-03-09 01:00:00,DL,6,6,0,0,-6.17,0.00,0.00
2025-03-09 00:00:00,2025-03-09 01:00:00,UA,9,9,0,0,-5.44,0.00,0.00
2025-03-09 00:00:00,2025-03-09 01:00:00,AA,11,11,0,0,-0.36,0.00,9.09
2025-03-09 01:00:00,2025-03-09 02:00:00,UA,1,1,0,0,-7.00,0.00,0.00
2025-03-09 02:00:00,2025-03-09 03:00:00,UA,1,1,0,0,16.00,0.00,100.00
2025-03-09 05:00:00,2025-03-09 06:00:00,DL,68,68,0,0,-2.51,0.00,2.94
2025-03-09 05:00:00,2025-03-09 06:00:00,AA,111,111,0,0,22.41,0.00,5.41
2025-03-09 05:00:00,2025-03-09 06:00:00,UA,39,38,1,0,-1.55,2.56,2.63
2025-03-09 05:00:00,2025-03-09 06:00:00,WN,193,190,1,2,0.17,0.52,3.65
2025-03-09 06:00:00,2025-03-09 07:00:00,AA,189,189,0,0,6.48,0.00,7.41
2025-03-09 06:00:00,2025-03-09 07:00:00,DL,180,180,0,0,0.48,0.00,5.00
2025-03-09 06:00:00,2025-03-09 07:00:00,WN,296,293,1,2,0.24,0.34,4.75
2025-03-09 06:00:00,2025-03-09 07:00:00,UA,145,141,3,1,-3.21,2.07,4.93
2025-03-09 07:00:00,2025-03-09 08:00:00,UA,196,195,1,0,3.92,0.51,7.18
2025-03-09 07:00:00,2025-03-09 08:00:00,WN,232,232,0,0,1.41,0.00,9.48
2025-03-09 07:00:00,2025-03-09 08:00:00,AA,218,217,1,0,2.38,0.46,8.76
2025-03-09 07:00:00,2025-03-09 08:00:00,DL,242,238,1,3,-0.45,0.41,7.88
2025-03-09 08:00:00,2025-03-09 09:00:00,WN,245,245,0,0,3.86,0.00,9.39
2025-03-09 08:00:00,2025-03-09 09:00:00,AA,198,197,1,0,10.69,0.51,15.23
2025-03-09 08:00:00,2025-03-09 09:00:00,DL,185,184,0,1,9.01,0.00,9.73
2025-03-09 08:00:00,2025-03-09 09:00:00,UA,169,169,0,0,-0.45,0.00,8.88
2025-03-09 09:00:00,2025-03-09 10:00:00,AA,136,134,2,0,13.84,1.47,12.69
2025-03-09 09:00:00,2025-03-09 10:00:00,UA,130,127,2,1,3.76,1.54,10.94
2025-03-09 09:00:00,2025-03-09 10:00:00,WN,202,202,0,0,7.00,0.00,12.38
2025-03-09 09:00:00,2025-03-09 10:00:00,DL,132,132,0,0,3.27,0.00,9.85
2025-03-09 10:00:00,2025-03-09 11:00:00,AA,140,140,0,0,7.19,0.00,18.57
2025-03-09 10:00:00,2025-03-09 11:00:00,DL,161,160,0,1,6.25,0.00,11.18
2025-03-09 10:00:00,2025-03-09 11:00:00,UA,125,123,1,1,5.77,0.80,12.10
2025-03-09 10:00:00,2025-03-09 11:00:00,WN,236,236,0,0,8.09,0.00,16.53
2025-03-09 11:00:00,2025-03-09 12:00:00,WN,220,220,0,0,11.23,0.00,23.64
2025-03-09 11:00:00,2025-03-09 12:00:00,AA,164,164,0,0,8.49,0.00,21.34
2025-03-09 11:00:00,2025-03-09 12:00:00,DL,209,209,0,0,13.16,0.00,17.70
2025-03-09 11:00:00,2025-03-09 12:00:00,UA,120,120,0,0,8.81,0.00,17.50
2025-03-09 12:00:00,2025-03-09 13:00:00,AA,147,146,0,1,15.05,0.00,18.37
2025-03-09 12:00:00,2025-03-09 13:00:00,UA,120,120,0,0,6.47,0.00,15.83
2025-03-09 12:00:00,2025-03-09 13:00:00,DL,164,163,1,0,4.98,0.61,19.02
2025-03-09 12:00:00,2025-03-09 13:00:00,WN,225,223,2,0,11.88,0.89,19.73
2025-03-09 13:00:00,2025-03-09 14:00:00,UA,139,139,0,0,4.19,0.00,10.79
2025-03-09 13:00:00,2025-03-09 14:00:00,AA,149,149,0,0,22.05,0.00,26.85
2025-03-09 13:00:00,2025-03-09 14:00:00,DL,161,161,0,0,11.76,0.00,19.25
2025-03-09 13:00:00,2025-03-09 14:00:00,WN,240,238,1,1,12.40,0.42,23.85
2025-03-09 14:00:00,2025-03-09 15:00:00,AA,139,139,0,0,14.25,0.00,25.18
2025-03-09 14:00:00,2025-03-09 15:00:00,WN,214,213,1,0,12.02,0.47,28.17
2025-03-09 14:00:00,2025-03-09 15:00:00,UA,126,125,1,0,10.25,0.79,16.00
2025-03-09 14:00:00,2025-03-09 15:00:00,DL,154,154,0,0,10.38,0.00,18.18
2025-03-09 15:00:00,2025-03-09 16:00:00,WN,225,224,1,0,12.92,0.44,25.00
2025-03-09 15:00:00,2025-03-09 16:00:00,UA,89,89,0,0,11.25,0.00,17.98
2025-03-09 15:00:00,2025-03-09 16:00:00,AA,145,144,0,1,22.32,0.00,26.90
2025-03-09 15:00:00,2025-03-09 16:00:00,DL,181,181,0,0,14.13,0.00,22.65
2025-03-09 16:00:00,2025-03-09 17:00:00,WN,234,234,0,0,14.70,0.00,30.77
2025-03-09 16:00:00,2025-03-09 17:00:00,AA,148,148,0,0,12.23,0.00,26.35
2025-03-09 16:00:00,2025-03-09 17:00:00,DL,139,138,1,0,18.03,0.72,22.46
2025-03-09 16:00:00,2025-03-09 17:00:00,UA,139,138,1,0,8.16,0.72,15.94
2025-03-09 17:00:00,2025-03-09 18:00:00,AA,153,152,0,1,17.28,0.00,29.41
2025-03-09 17:00:00,2025-03-09 18:00:00,DL,186,186,0,0,7.00,0.00,21.51
2025-03-09 17:00:00,2025-03-09 18:00:00,UA,134,134,0,0,5.46,0.00,15.67
2025-03-09 17:00:00,2025-03-09 18:00:00,WN,244,242,1,1,20.82,0.41,38.68
2025-03-09 18:00:00,2025-03-09 19:00:00,UA,149,149,0,0,6.45,0.00,16.78
2025-03-09 18:00:00,2025-03-09 19:00:00,WN,228,228,0,0,17.93,0.00,35.09
2025-03-09 18:00:00,2025-03-09 19:00:00,DL,166,166,0,0,17.77,0.00,23.49
2025-03-09 18:00:00,2025-03-09 19:00:00,AA,170,169,1,0,14.33,0.59,24.26
2025-03-09 19:00:00,2025-03-09 20:00:00,WN,244,244,0,0,13.39,0.00,32.38
2025-03-09 19:00:00,2025-03-09 20:00:00,AA,158,158,0,0,21.04,0.00,31.01
2025-03-09 19:00:00,2025-03-09 20:00:00,DL,170,170,0,0,21.38,0.00,45.88
2025-03-09 19:00:00,2025-03-09 20:00:00,UA,133,131,2,0,8.54,1.50,19.85
2025-03-09 20:00:00,2025-03-09 21:00:00,UA,99,99,0,0,11.03,0.00,25.25
2025-03-09 20:00:00,2025-03-09 21:00:00,WN,252,251,1,0,14.27,0.40,31.08
2025-03-09 20:00:00,2025-03-09 21:00:00,AA,135,135,0,0,19.70,0.00,23.70
2025-03-09 20:00:00,2025-03-09 21:00:00,DL,121,121,0,0,16.30,0.00,30.58
2025-03-09 21:00:00,2025-03-09 22:00:00,UA,65,65,0,0,5.82,0.00,13.85
2025-03-09 21:00:00,2025-03-09 22:00:00,AA,99,97,1,1,14.77,1.01,21.43
2025-03-09 21:00:00,2025-03-09 22:00:00,DL,101,101,0,0,11.90,0.00,27.72
2025-03-09 21:00:00,2025-03-09 22:00:00,WN,194,194,0,0,16.34,0.00,31.96
2025-03-09 22:00:00,2025-03-09 23:00:00,AA,105,105,0,0,10.75,0.00,20.95
2025-03-09 22:00:00,2025-03-09 23:00:00,WN,163,163,0,0,14.09,0.00,34.36
2025-03-09 22:00:00,2025-03-09 23:00:00,DL,104,104,0,0,15.56,0.00,30.77
2025-03-09 22:00:00,2025-03-09 23:00:00,UA,35,35,0,0,2.14,0.00,17.14
2025-03-09 23:00:00,2025-03-10 00:00:00,AA,39,39,0,0,0.54,0.00,7.69
2025-03-09 23:00:00,2025-03-10 00:00:00,DL,39,39,0,0,5.51,0.00,15.38
2025-03-09 23:00:00,2025-03-10 00:00:00,UA,45,45,0,0,-3.13,0.00,6.67
2025-03-09 23:00:00,2025-03-10 00:00:00,WN,9,9,0,0,-1.44,0.00,0.00
2025-03-10 00:00:00,2025-03-10 01:00:00,AA,13,12,1,0,-8.92,7.69,0.00
2025-03-10 00:00:00,2025-03-10 01:00:00,UA,8,8,0,0,3.00,0.00,12.50
2025-03-10 00:00:00,2025-03-10 01:00:00,DL,7,7,0,0,-4.43,0.00,0.00
2025-03-10 01:00:00,2025-03-10 02:00:00,DL,2,2,0,0,29.00,0.00,50.00
2025-03-10 01:00:00,2025-03-10 02:00:00,UA,1,1,0,0,18.00,0.00,100.00
2025-03-10 05:00:00,2025-03-10 06:00:00,AA,110,110,0,0,-3.94,0.00,2.73
2025-03-10 05:00:00,2025-03-10 06:00:00,UA,42,42,0,0,-2.95,0.00,7.14
2025-03-10 05:00:00,2025-03-10 06:00:00,DL,67,67,0,0,1.67,0.00,8.96
2025-03-10 05:00:00,2025-03-10 06:00:00,WN,197,196,1,0,-3.41,0.51,0.51
2025-03-10 06:00:00,2025-03-10 07:00:00,AA,191,188,2,1,2.78,1.05,7.94
2025-03-10 06:00:00,2025-03-10 07:00:00,UA,142,142,0,0,1.18,0.00,7.75
2025-03-10 06:00:00,2025-03-10 07:00:00,WN,307,307,0,0,-2.86,0.00,0.98
2025-03-10 06:00:00,2025-03-10 07:00:00,DL,191,191,0,0,-2.79,0.00,2.62
2025-03-10 07:00:00,2025-03-10 08:00:00,WN,239,239,0,0,-0.22,0.00,5.86
2025-03-10 07:00:00,2025-03-10 08:00:00,UA,204,204,0,0,-2.37,0.00,3.43
2025-03-10 07:00:00,2025-03-10 08:00:00,AA,223,223,0,0,9.70,0.00,9.42
2025-03-10 07:00:00,2025-03-10 08:00:00,DL,245,245,0,0,5.94,0.00,8.98
2025-03-10 08:00:00,2025-03-10 09:00:00,AA,198,198,0,0,14.48,0.00,15.15
2025-03-10 08:00:00,2025-03-10 09:00:00,UA,172,172,0,0,-0.44,0.00,4.07
2025-03-10 08:00:00,2025-03-10 09:00:00,WN,268,268,0,0,0.65,0.00,5.97
2025-03-10 08:00:00,2025-03-10 09:00:00,DL,183,183,0,0,2.10,0.00,9.84
2025-03-10 09:00:00,2025-03-10 10:00:00,AA,134,134,0,0,6.66,0.00,14.18
2025-03-10 09:00:00,2025-03-10 10:00:00,WN,236,235,1,0,2.94,0.42,12.77
2025-03-10 09:00:00,2025-03-10 10:00:00,DL,134,134,0,0,2.22,0.00,11.19
2025-03-10 09:00:00,2025-03-10 10:00:00,UA,133,133,0,0,-0.20,0.00,6.02
2025-03-10 10:00:00,2025-03-10 11:00:00,AA,140,140,0,0,11.97,0.00,19.29
2025-03-10 10:00:00,2025-03-10 11:00:00,DL,161,161,0,0,6.70,0.00,16.15
2025-03-10 10:00:00,2025-03-10 11:00:00,WN,237,236,1,0,3.60,0.42,11.44
2025-03-10 10:00:00,2025-03-10 11:00:00,UA,128,127,1,0,2.63,0.78,12.60
2025-03-10 11:00:00,2025-03-10 12:00:00,DL,206,206,0,0,10.31,0.00,22.33
2025-03-10 11:00:00,2025-03-10 12:00:00,UA,125,125,0,0,3.05,0.00,9.60
2025-03-10 11:00:00,2025-03-10 12:00:00,AA,168,165,3,0,16.89,1.79,22.42
2025-03-10 11:00:00,2025-03-10 12:00:00,WN,237,235,2,0,4.33,0.84,12.77
2025-03-10 12:00:00,2025-03-10 13:00:00,AA,145,144,1,0,10.03,0.69,20.83
2025-03-10 12:00:00,2025-03-10 13:00:00,WN,227,226,1,0,5.70,0.44,17.70
2025-03-10 12:00:00,2025-03-10 13:00:00,DL,168,168,0,0,8.17,0.00,21.43
2025-03-10 12:00:00,2025-03-10 13:00:00,UA,130,130,0,0,1.62,0.00,9.23
2025-03-10 13:00:00,2025-03-10 14:00:00,AA,149,148,1,0,16.51,0.67,20.95
2025-03-10 13:00:00,2025-03-10 14:00:00,DL,157,156,1,0,12.00,0.64,19.23
2025-03-10 13:00:00,2025-03-10 14:00:00,UA,137,136,0,1,0.62,0.00,9.49
2025-03-10 13:00:00,2025-03-10 14:00:00,WN,245,245,0,0,9.54,0.00,20.41
2025-03-10 14:00:00,2025-03-10 15:00:00,UA,128,128,0,0,8.80,0.00,9.38
2025-03-10 14:00:00,2025-03-10 15:00:00,AA,144,144,0,0,21.69,0.00,34.72
2025-03-10 14:00:00,2025-03-10 15:00:00,WN,247,246,1,0,7.36,0.40,20.33
2025-03-10 14:00:00,2025-03-10 15:00:00,DL,154,154,0,0,9.02,0.00,17.53
2025-03-10 15:00:00,2025-03-10 16:00:00,AA,144,141,2,1,26.44,1.39,35.21
2025-03-10 15:00:00,2025-03-10 16:00:00,WN,214,212,1,1,7.13,0.47,19.72
2025-03-10 15:00:00,2025-03-10 16:00:00,DL,181,181,0,0,22.46,0.00,32.04
2025-03-10 15:00:00,2025-03-10 16:00:00,UA,94,94,0,0,1.38,0.00,12.77
2025-03-10 16:00:00,2025-03-10 17:00:00,AA,143,142,1,0,24.10,0.70,34.51
2025-03-10 16:00:00,2025-03-10 17:00:00,DL,140,140,0,0,13.70,0.00,22.14
2025-03-10 16:00:00,2025-03-10 17:00:00,WN,234,233,1,0,7.31,0.43,20.17
2025-03-10 16:00:00,2025-03-10 17:00:00,UA,140,140,0,0,3.74,0.00,12.86
2025-03-10 17:00:00,2025-03-10 18:00:00,DL,186,186,0,0,9.51,0.00,25.81
2025-03-10 17:00:00,2025-03-10 18:00:00,UA,140,139,1,0,-0.07,0.71,6.47
2025-03-10 17:00:00,2025-03-10 18:00:00,AA,155,154,1,0,36.08,0.65,29.22
2025-03-10 17:00:00,2025-03-10 18:00:00,WN,243,243,0,0,9.28,0.00,20.58
2025-03-10 18:00:00,2025-03-10 19:00:00,AA,168,168,0,0,26.64,0.00,35.12
2025-03-10 18:00:00,2025-03-10 19:00:00,WN,248,248,0,0,5.74,0.00,18.15
2025-03-10 18:00:00,2025-03-10 19:00:00,DL,171,171,0,0,13.15,0.00,29.24
2025-03-10 18:00:00,2025-03-10 19:00:00,UA,152,152,0,0,3.29,0.00,9.87
2025-03-10 19:00:00,2025-03-10 20:00:00,AA,161,160,1,0,22.25,0.62,31.25
2025-03-10 19:00:00,2025-03-10 20:00:00,DL,164,164,0,0,15.34,0.00,31.10
2025-03-10 19:00:00,2025-03-10 20:00:00,UA,128,128,0,0,-0.86,0.00,7.81
2025-03-10 19:00:00,2025-03-10 20:00:00,WN,220,220,0,0,3.16,0.00,11.36
2025-03-10 20:00:00,2025-03-10 21:00:00,UA,96,96,0,0,4.32,0.00,15.62
2025-03-10 20:00:00,2025-03-10 21:00:00,AA,129,129,0,0,16.32,0.00,30.23
2025-03-10 20:00:00,2025-03-10 21:00:00,WN,274,274,0,0,4.32,0.00,17.15
2025-03-10 20:00:00,2025-03-10 21:00:00,DL,120,120,0,0,14.43,0.00,30.83
2025-03-10 21:00:00,2025-03-10 22:00:00,AA,87,85,2,0,11.82,2.30,28.24
2025-03-10 21:00:00,2025-03-10 22:00:00,WN,168,166,2,0,2.90,1.19,15.66
2025-03-10 21:00:00,2025-03-10 22:00:00,DL,103,103,0,0,3.33,0.00,16.50
2025-03-10 21:00:00,2025-03-10 22:00:00,UA,57,57,0,0,-4.63,0.00,5.26
2025-03-10 22:00:00,2025-03-10 23:00:00,AA,102,101,1,0,17.38,0.98,24.75
2025-03-10 22:00:00,2025-03-10 23:00:00,DL,101,101,0,0,2.77,0.00,10.89
2025-03-10 22:00:00,2025-03-10 23:00:00,UA,34,34,0,0,-3.94,0.00,5.88
2025-03-10 22:00:00,2025-03-10 23:00:00,WN,138,138,0,0,2.03,0.00,15.22
2025-03-10 23:00:00,2025-03-11 00:00:00,WN,9,9,0,0,-7.11,0.00,0.00
2025-03-10 23:00:00,2025-03-11 00:00:00,AA,27,27,0,0,1.59,0.00,18.52
2025-03-10 23:00:00,2025-03-11 00:00:00,DL,37,37,0,0,-2.08,0.00,8.11
2025-03-10 23:00:00,2025-03-11 00:00:00,UA,39,38,1,0,4.79,2.56,5.26
2025-03-11 00:00:00,2025-03-11 01:00:00,DL,7,7,0,0,-11.00,0.00,0.00
2025-03-11 00:00:00,2025-03-11 01:00:00,UA,6,6,0,0,-3.83,0.00,0.00
2025-03-11 00:00:00,2025-03-11 01:00:00,AA,10,9,1,0,-9.33,10.00,0.00
2025-03-11 01:00:00,2025-03-11 02:00:00,UA,1,1,0,0,-11.00,0.00,0.00
2025-03-11 01:00:00,2025-03-11 02:00:00,DL,2,2,0,0,-5.50,0.00,0.00
2025-03-11 05:00:00,2025-03-11 06:00:00,AA,111,111,0,0,-0.59,0.00,8.11
2025-03-11 05:00:00,2025-03-11 06:00:00,WN,107,106,1,0,-1.22,0.93,0.94
2025-03-11 05:00:00,2025-03-11 06:00:00,UA,36,36,0,0,6.72,0.00,2.78
2025-03-11 05:00:00,2025-03-11 06:00:00,DL,67,67,0,0,0.40,0.00,4.48
2025-03-11 06:00:00,2025-03-11 07:00:00,AA,190,189,1,0,2.12,0.53,6.35
2025-03-11 06:00:00,2025-03-11 07:00:00,DL,189,188,1,0,-3.85,0.53,2.13
2025-03-11 06:00:00,2025-03-11 07:00:00,WN,302,301,1,0,-3.49,0.33,2.33
2025-03-11 06:00:00,2025-03-11 07:00:00,UA,131,129,2,0,-7.67,1.53,0.78
2025-03-11 07:00:00,2025-03-11 08:00:00,AA,221,221,0,0,0.88,0.00,7.69
2025-03-11 07:00:00,2025-03-11 08:00:00,DL,244,244,0,0,-2.38,0.00,4.51
2025-03-11 07:00:00,2025-03-11 08:00:00,WN,245,243,2,0,-2.88,0.82,2.06
2025-03-11 07:00:00,2025-03-11 08:00:00,UA,192,192,0,0,-3.19,0.00,5.21
2025-03-11 08:00:00,2025-03-11 09:00:00,AA,199,198,0,1,1.59,0.00,7.04
2025-03-11 08:00:00,2025-03-11 09:00:00,DL,177,177,0,0,-1.86,0.00,4.52
2025-03-11 08:00:00,2025-03-11 09:00:00,WN,270,269,0,1,-0.60,0.00,3.70
2025-03-11 08:00:00,2025-03-11 09:00:00,UA,170,170,0,0,-4.55,0.00,4.12
2025-03-11 09:00:00,2025-03-11 10:00:00,AA,133,131,1,1,11.77,0.75,12.12
2025-03-11 09:00:00,2025-03-11 10:00:00,DL,132,132,0,0,0.52,0.00,6.82
2025-03-11 09:00:00,2025-03-11 10:00:00,UA,129,129,0,0,-2.72,0.00,6.20
2025-03-11 09:00:00,2025-03-11 10:00:00,WN,203,202,1,0,0.46,0.49,5.45
2025-03-11 10:00:00,2025-03-11 11:00:00,WN,250,248,2,0,1.08,0.80,6.05
2025-03-11 10:00:00,2025-03-11 11:00:00,UA,129,129,0,0,-2.89,0.00,5.43
2025-03-11 10:00:00,2025-03-11 11:00:00,AA,140,139,1,0,4.24,0.71,9.35
2025-03-11 10:00:00,2025-03-11 11:00:00,DL,158,158,0,0,-0.71,0.00,8.23
2025-03-11 11:00:00,2025-03-11 12:00:00,DL,205,205,0,0,-0.90,0.00,6.34
2025-03-11 11:00:00,2025-03-11 12:00:00,UA,121,121,0,0,-0.27,0.00,9.09
2025-03-11 11:00:00,2025-03-11 12:00:00,AA,168,168,0,0,2.49,0.00,10.12
2025-03-11 11:00:00,2025-03-11 12:00:00,WN,226,223,3,0,3.61,1.33,10.76
2025-03-11 12:00:00,2025-03-11 13:00:00,AA,144,143,1,0,0.73,0.69,9.09
2025-03-11 12:00:00,2025-03-11 13:00:00,WN,234,234,0,0,5.13,0.00,13.68
2025-03-11 12:00:00,2025-03-11 13:00:00,DL,166,166,0,0,-0.18,0.00,9.04
2025-03-11 12:00:00,2025-03-11 13:00:00,UA,126,126,0,0,-2.66,0.00,6.35
2025-03-11 13:00:00,2025-03-11 14:00:00,AA,148,147,0,1,3.01,0.00,10.14
2025-03-11 13:00:00,2025-03-11 14:00:00,DL,147,147,0,0,1.04,0.00,12.24
2025-03-11 13:00:00,2025-03-11 14:00:00,WN,235,235,0,0,0.04,0.00,6.81
2025-03-11 13:00:00,2025-03-11 14:00:00,UA,134,134,0,0,-2.10,0.00,5.97
2025-03-11 14:00:00,2025-03-11 15:00:00,DL,145,145,0,0,2.43,0.00,14.48
2025-03-11 14:00:00,2025-03-11 15:00:00,UA,121,121,0,0,-2.30,0.00,6.61
2025-03-11 14:00:00,2025-03-11 15:00:00,AA,144,144,0,0,3.88,0.00,11.11
2025-03-11 14:00:00,2025-03-11 15:00:00,WN,221,221,0,0,4.03,0.00,13.12
2025-03-11 15:00:00,2025-03-11 16:00:00,UA,87,87,0,0,-2.78,0.00,5.75
2025-03-11 15:00:00,2025-03-11 16:00:00,AA,144,144,0,0,-0.88,0.00,11.11
2025-03-11 15:00:00,2025-03-11 16:00:00,DL,178,178,0,0,1.37,0.00,11.24
2025-03-11 15:00:00,2025-03-11 16:00:00,WN,216,215,1,0,2.20,0.46,6.05
2025-03-11 16:00:00,2025-03-11 17:00:00,AA,144,144,0,0,0.90,0.00,10.42
2025-03-11 16:00:00,2025-03-11 17:00:00,WN,240,238,1,1,2.99,0.42,12.13
2025-03-11 16:00:00,2025-03-11 17:00:00,DL,130,130,0,0,3.40,0.00,14.62
2025-03-11 16:00:00,2025-03-11 17:00:00,UA,139,139,0,0,-1.89,0.00,5.76
2025-03-11 17:00:00,2025-03-11 18:00:00,AA,154,154,0,0,1.15,0.00,11.04
2025-03-11 17:00:00,2025-03-11 18:00:00,UA,131,130,0,1,2.30,0.00,11.45
2025-03-11 17:00:00,2025-03-11 18:00:00,WN,230,228,0,2,3.66,0.00,12.17
2025-03-11 17:00:00,2025-03-11 18:00:00,DL,177,177,0,0,-0.28,0.00,12.43
2025-03-11 18:00:00,2025-03-11 19:00:00,AA,168,168,0,0,2.75,0.00,10.71
2025-03-11 18:00:00,2025-03-11 19:00:00,DL,153,153,0,0,1.62,0.00,13.07
2025-03-11 18:00:00,2025-03-11 19:00:00,UA,134,134,0,0,4.37,0.00,6.72
2025-03-11 18:00:00,2025-03-11 19:00:00,WN,218,218,0,0,0.68,0.00,7.34
2025-03-11 19:00:00,2025-03-11 20:00:00,WN,280,277,1,2,0.08,0.36,8.60
2025-03-11 19:00:00,2025-03-11 20:00:00,AA,159,159,0,0,2.55,0.00,10.69
2025-03-11 19:00:00,2025-03-11 20:00:00,DL,129,129,0,0,8.35,0.00,13.95
2025-03-11 19:00:00,2025-03-11 20:00:00,UA,115,115,0,0,-3.99,0.00,2.61
2025-03-11 20:00:00,2025-03-11 21:00:00,AA,128,128,0,0,3.76,0.00,14.84
2025-03-11 20:00:00,2025-03-11 21:00:00,UA,91,91,0,0,-0.19,0.00,10.99
2025-03-11 20:00:00,2025-03-11 21:00:00,DL,94,94,0,0,1.37,0.00,13.83
2025-03-11 20:00:00,2025-03-11 21:00:00,WN,180,180,0,0,1.81,0.00,11.11
2025-03-11 21:00:00,2025-03-11 22:00:00,AA,87,87,0,0,2.01,0.00,14.94
2025-03-11 21:00:00,2025-03-11 22:00:00,DL,78,78,0,0,0.81,0.00,5.13
2025-03-11 21:00:00,2025-03-11 22:00:00,UA,42,42,0,0,-0.33,0.00,7.14
2025-03-11 21:00:00,2025-03-11 22:00:00,WN,160,160,0,0,2.16,0.00,10.00
2025-03-11 22:00:00,2025-03-11 23:00:00,UA,31,31,0,0,2.68,0.00,9.68
2025-03-11 22:00:00,2025-03-11 23:00:00,AA,102,102,0,0,3.71,0.00,11.76
2025-03-11 22:00:00,2025-03-11 23:00:00,DL,95,95,0,0,-2.22,0.00,7.37
2025-03-11 22:00:00,2025-03-11 23:00:00,WN,10,10,0,0,12.10,0.00,30.00
2025-03-11 23:00:00,2025-03-12 00:00:00,AA,27,27,0,0,0.96,0.00,11.11
2025-03-11 23:00:00,2025-03-12 00:00:00,DL,32,32,0,0,-4.34,0.00,6.25
2025-03-11 23:00:00,2025-03-12 00:00:00,UA,34,34,0,0,-8.12,0.00,0.00
2025-03-11 23:00:00,2025-03-12 00:00:00,WN,9,9,0,0,-6.11,0.00,0.00
2025-03-12 00:00:00,2025-03-12 01:00:00,UA,4,4,0,0,-7.00,0.00,0.00
2025-03-12 00:00:00,2025-03-12 01:00:00,AA,9,9,0,0,-6.44,0.00,0.00
2025-03-12 00:00:00,2025-03-12 01:00:00,DL,4,4,0,0,-8.50,0.00,0.00
2025-03-12 01:00:00,2025-03-12 02:00:00,DL,2,2,0,0,-10.50,0.00,0.00
2025-03-12 01:00:00,2025-03-12 02:00:00,UA,1,1,0,0,-6.00,0.00,0.00
2025-03-12 05:00:00,2025-03-12 06:00:00,AA,111,111,0,0,-4.77,0.00,4.50
2025-03-12 05:00:00,2025-03-12 06:00:00,DL,67,67,0,0,1.81,0.00,1.49
2025-03-12 05:00:00,2025-03-12 06:00:00,WN,107,106,1,0,-1.97,0.93,3.77
2025-03-12 05:00:00,2025-03-12 06:00:00,UA,36,36,0,0,-6.42,0.00,2.78
2025-03-12 06:00:00,2025-03-12 07:00:00,DL,186,186,0,0,-4.03,0.00,1.61
2025-03-12 06:00:00,2025-03-12 07:00:00,UA,131,131,0,0,-3.65,0.00,3.05
2025-03-12 06:00:00,2025-03-12 07:00:00,AA,190,190,0,0,-3.24,0.00,4.21
2025-03-12 06:00:00,2025-03-12 07:00:00,WN,304,304,0,0,-2.84,0.00,1.32
2025-03-12 07:00:00,2025-03-12 08:00:00,AA,221,221,0,0,2.88,0.00,6.79
2025-03-12 07:00:00,2025-03-12 08:00:00,DL,244,244,0,0,-2.75,0.00,5.33
2025-03-12 07:00:00,2025-03-12 08:00:00,WN,245,244,1,0,-2.48,0.41,3.28
2025-03-12 07:00:00,2025-03-12 08:00:00,UA,193,192,0,1,0.21,0.00,7.25
2025-03-12 08:00:00,2025-03-12 09:00:00,AA,199,199,0,0,6.05,0.00,9.55
2025-03-12 08:00:00,2025-03-12 09:00:00,WN,270,268,1,1,-1.15,0.37,3.72
2025-03-12 08:00:00,2025-03-12 09:00:00,DL,178,178,0,0,-2.83,0.00,5.62
2025-03-12 08:00:00,2025-03-12 09:00:00,UA,171,170,0,1,3.54,0.00,8.19
2025-03-12 09:00:00,2025-03-12 10:00:00,AA,133,133,0,0,1.11,0.00,9.02
2025-03-12 09:00:00,2025-03-12 10:00:00,WN,203,201,1,1,0.35,0.49,6.93
2025-03-12 09:00:00,2025-03-12 10:00:00,DL,132,132,0,0,0.54,0.00,9.85
2025-03-12 09:00:00,2025-03-12 10:00:00,UA,131,130,0,1,2.45,0.00,8.40
2025-03-12 10:00:00,2025-03-12 11:00:00,WN,250,249,1,0,1.57,0.40,7.23
2025-03-12 10:00:00,2025-03-12 11:00:00,AA,138,138,0,0,3.57,0.00,7.25
2025-03-12 10:00:00,2025-03-12 11:00:00,DL,158,158,0,0,-2.80,0.00,3.80
2025-03-12 10:00:00,2025-03-12 11:00:00,UA,126,125,0,1,5.67,0.00,19.05
2025-03-12 11:00:00,2025-03-12 12:00:00,UA,126,126,0,0,4.89,0.00,17.46
2025-03-12 11:00:00,2025-03-12 12:00:00,AA,169,169,0,0,6.60,0.00,9.47
2025-03-12 11:00:00,2025-03-12 12:00:00,DL,206,206,0,0,0.21,0.00,7.28
2025-03-12 11:00:00,2025-03-12 12:00:00,WN,226,225,1,0,1.30,0.44,7.56
2025-03-12 12:00:00,2025-03-12 13:00:00,WN,234,233,1,0,2.99,0.43,9.01
2025-03-12 12:00:00,2025-03-12 13:00:00,AA,142,141,0,1,11.54,0.00,14.79
2025-03-12 12:00:00,2025-03-12 13:00:00,UA,122,122,0,0,7.63,0.00,15.57
2025-03-12 12:00:00,2025-03-12 13:00:00,DL,166,166,0,0,0.69,0.00,8.43
2025-03-12 13:00:00,2025-03-12 14:00:00,WN,235,235,0,0,5.01,0.00,13.19
2025-03-12 13:00:00,2025-03-12 14:00:00,UA,138,138,0,0,10.51,0.00,19.57
2025-03-12 13:00:00,2025-03-12 14:00:00,AA,149,148,0,1,5.56,0.00,11.41
2025-03-12 13:00:00,2025-03-12 14:00:00,DL,152,152,0,0,2.23,0.00,11.18
2025-03-12 14:00:00,2025-03-12 15:00:00,WN,221,219,0,2,3.01,0.00,9.05
2025-03-12 14:00:00,2025-03-12 15:00:00,AA,143,143,0,0,5.59,0.00,13.99
2025-03-12 14:00:00,2025-03-12 15:00:00,DL,146,146,0,0,2.21,0.00,8.90
2025-03-12 14:00:00,2025-03-12 15:00:00,UA,126,126,0,0,13.79,0.00,22.22
2025-03-12 15:00:00,2025-03-12 16:00:00,UA,92,92,0,0,7.37,0.00,13.04
2025-03-12 15:00:00,2025-03-12 16:00:00,WN,216,216,0,0,6.85,0.00,16.20
2025-03-12 15:00:00,2025-03-12 16:00:00,AA,142,142,0,0,10.09,0.00,19.72
2025-03-12 15:00:00,2025-03-12 16:00:00,DL,178,178,0,0,3.76,0.00,9.55
2025-03-12 16:00:00,2025-03-12 17:00:00,DL,131,131,0,0,4.94,0.00,18.32
2025-03-12 16:00:00,2025-03-12 17:00:00,AA,145,145,0,0,8.41,0.00,17.24
2025-03-12 16:00:00,2025-03-12 17:00:00,UA,137,136,1,0,8.39,0.73,15.44
2025-03-12 16:00:00,2025-03-12 17:00:00,WN,240,239,1,0,6.50,0.42,16.32
2025-03-12 17:00:00,2025-03-12 18:00:00,UA,135,134,1,0,13.78,0.74,20.90
2025-03-12 17:00:00,2025-03-12 18:00:00,WN,230,230,0,0,5.75,0.00,12.61
2025-03-12 17:00:00,2025-03-12 18:00:00,AA,153,153,0,0,3.83,0.00,11.76
2025-03-12 17:00:00,2025-03-12 18:00:00,DL,179,179,0,0,6.78,0.00,15.64
2025-03-12 18:00:00,2025-03-12 19:00:00,AA,169,169,0,0,22.38,0.00,23.08
2025-03-12 18:00:00,2025-03-12 19:00:00,UA,147,147,0,0,11.73,0.00,18.37
2025-03-12 18:00:00,2025-03-12 19:00:00,WN,218,217,1,0,5.91,0.46,15.21
2025-03-12 18:00:00,2025-03-12 19:00:00,DL,155,155,0,0,5.01,0.00,13.55
2025-03-12 19:00:00,2025-03-12 20:00:00,WN,279,279,0,0,4.45,0.00,15.41
2025-03-12 19:00:00,2025-03-12 20:00:00,UA,127,127,0,0,5.56,0.00,15.75
2025-03-12 19:00:00,2025-03-12 20:00:00,AA,159,159,0,0,9.30,0.00,23.90
2025-03-12 19:00:00,2025-03-12 20:00:00,DL,134,134,0,0,5.76,0.00,14.18
2025-03-12 20:00:00,2025-03-12 21:00:00,WN,177,177,0,0,3.95,0.00,18.08
2025-03-12 20:00:00,2025-03-12 21:00:00,AA,130,130,0,0,7.02,0.00,14.62
2025-03-12 20:00:00,2025-03-12 21:00:00,DL,97,97,0,0,2.74,0.00,14.43
2025-03-12 20:00:00,2025-03-12 21:00:00,UA,100,100,0,0,15.12,0.00,18.00
2025-03-12 21:00:00,2025-03-12 22:00:00,AA,86,86,0,0,10.20,0.00,19.77
2025-03-12 21:00:00,2025-03-12 22:00:00,DL,79,78,0,1,5.53,0.00,15.19
2025-03-12 21:00:00,2025-03-12 22:00:00,UA,57,57,0,0,4.04,0.00,14.04
2025-03-12 21:00:00,2025-03-12 22:00:00,WN,159,159,0,0,2.97,0.00,13.84
2025-03-12 22:00:00,2025-03-12 23:00:00,WN,10,10,0,0,-3.50,0.00,0.00
2025-03-12 22:00:00,2025-03-12 23:00:00,UA,34,34,0,0,4.38,0.00,20.59
2025-03-12 22:00:00,2025-03-12 23:00:00,AA,102,102,0,0,7.66,0.00,13.73
2025-03-12 22:00:00,2025-03-12 23:00:00,DL,95,95,0,0,4.04,0.00,7.37
2025-03-12 23:00:00,2025-03-13 00:00:00,UA,44,44,0,0,0.50,0.00,9.09
2025-03-12 23:00:00,2025-03-13 00:00:00,AA,27,27,0,0,28.48,0.00,11.11
2025-03-12 23:00:00,2025-03-13 00:00:00,DL,34,34,0,0,2.29,0.00,11.76
2025-03-12 23:00:00,2025-03-13 00:00:00,WN,9,9,0,0,-1.22,0.00,0.00
2025-03-13 00:00:00,2025-03-13 01:00:00,UA,6,6,0,0,1.50,0.00,0.00
2025-03-13 00:00:00,2025-03-13 01:00:00,AA,9,9,0,0,-4.00,0.00,0.00
2025-03-13 00:00:00,2025-03-13 01:00:00,DL,4,4,0,0,-9.50,0.00,0.00
2025-03-13 01:00:00,2025-03-13 02:00:00,DL,2,2,0,0,-3.00,0.00,0.00
2025-03-13 01:00:00,2025-03-13 02:00:00,UA,1,1,0,0,-10.00,0.00,0.00
2025-03-13 05:00:00,2025-03-13 06:00:00,AA,111,111,0,0,-3.81,0.00,4.50
2025-03-13 05:00:00,2025-03-13 06:00:00,UA,42,42,0,0,-0.71,0.00,4.76
2025-03-13 05:00:00,2025-03-13 06:00:00,DL,68,68,0,0,-4.25,0.00,2.94
2025-03-13 05:00:00,2025-03-13 06:00:00,WN,195,194,0,1,1.19,0.00,2.05
2025-03-13 06:00:00,2025-03-13 07:00:00,DL,190,190,0,0,-4.36,0.00,3.16
2025-03-13 06:00:00,2025-03-13 07:00:00,AA,189,189,0,0,1.62,0.00,7.41
2025-03-13 06:00:00,2025-03-13 07:00:00,WN,308,305,3,0,-1.69,0.97,3.28
2025-03-13 06:00:00,2025-03-13 07:00:00,UA,142,142,0,0,-1.49,0.00,8.45
2025-03-13 07:00:00,2025-03-13 08:00:00,AA,222,222,0,0,-1.91,0.00,4.50
2025-03-13 07:00:00,2025-03-13 08:00:00,UA,204,202,2,0,-0.25,0.98,5.94
2025-03-13 07:00:00,2025-03-13 08:00:00,DL,248,247,0,1,-1.09,0.00,4.03
2025-03-13 07:00:00,2025-03-13 08:00:00,WN,239,236,1,2,0.22,0.42,6.72
2025-03-13 08:00:00,2025-03-13 09:00:00,AA,200,199,1,0,10.97,0.50,13.57
2025-03-13 08:00:00,2025-03-13 09:00:00,DL,182,181,1,0,2.67,0.55,6.08
2025-03-13 08:00:00,2025-03-13 09:00:00,WN,267,257,9,1,1.01,3.37,7.36
2025-03-13 08:00:00,2025-03-13 09:00:00,UA,173,172,1,0,-0.02,0.58,6.98
2025-03-13 09:00:00,2025-03-13 10:00:00,AA,132,132,0,0,9.96,0.00,13.64
2025-03-13 09:00:00,2025-03-13 10:00:00,DL,133,133,0,0,3.12,0.00,8.27
2025-03-13 09:00:00,2025-03-13 10:00:00,UA,134,134,0,0,1.99,0.00,11.19
2025-03-13 09:00:00,2025-03-13 10:00:00,WN,237,234,3,0,2.24,1.27,9.83
2025-03-13 10:00:00,2025-03-13 11:00:00,AA,141,141,0,0,6.75,0.00,14.89
2025-03-13 10:00:00,2025-03-13 11:00:00,WN,237,230,7,0,9.48,2.95,16.52
2025-03-13 10:00:00,2025-03-13 11:00:00,DL,162,162,0,0,-0.01,0.00,5.56
2025-03-13 10:00:00,2025-03-13 11:00:00,UA,127,127,0,0,8.02,0.00,11.81
2025-03-13 11:00:00,2025-03-13 12:00:00,AA,166,166,0,0,7.22,0.00,15.66
2025-03-13 11:00:00,2025-03-13 12:00:00,DL,208,208,0,0,3.30,0.00,12.50
2025-03-13 11:00:00,2025-03-13 12:00:00,WN,238,232,6,0,9.25,2.52,16.38
2025-03-13 11:00:00,2025-03-13 12:00:00,UA,126,125,1,0,6.05,0.79,13.60
2025-03-13 12:00:00,2025-03-13 13:00:00,WN,227,221,6,0,12.76,2.64,24.43
2025-03-13 12:00:00,2025-03-13 13:00:00,UA,128,126,1,1,5.98,0.78,11.02
2025-03-13 12:00:00,2025-03-13 13:00:00,AA,145,145,0,0,10.23,0.00,17.93
2025-03-13 12:00:00,2025-03-13 13:00:00,DL,168,167,0,1,4.98,0.00,16.67
2025-03-13 13:00:00,2025-03-13 14:00:00,WN,246,242,4,0,15.56,1.63,27.69
2025-03-13 13:00:00,2025-03-13 14:00:00,AA,149,146,0,3,11.50,0.00,18.79
2025-03-13 13:00:00,2025-03-13 14:00:00,DL,159,159,0,0,6.62,0.00,15.09
2025-03-13 13:00:00,2025-03-13 14:00:00,UA,139,137,0,2,8.65,0.00,15.11
2025-03-13 14:00:00,2025-03-13 15:00:00,AA,144,144,0,0,15.81,0.00,15.28
2025-03-13 14:00:00,2025-03-13 15:00:00,DL,154,153,1,0,8.67,0.65,18.30
2025-03-13 14:00:00,2025-03-13 15:00:00,WN,247,242,5,0,18.93,2.02,31.82
2025-03-13 14:00:00,2025-03-13 15:00:00,UA,127,127,0,0,7.29,0.00,9.45
2025-03-13 15:00:00,2025-03-13 16:00:00,DL,181,180,0,1,9.68,0.00,20.99
2025-03-13 15:00:00,2025-03-13 16:00:00,WN,215,213,2,0,16.56,0.93,30.99
2025-03-13 15:00:00,2025-03-13 16:00:00,UA,94,93,0,1,10.35,0.00,14.89
2025-03-13 15:00:00,2025-03-13 16:00:00,AA,142,142,0,0,10.32,0.00,19.72
2025-03-13 16:00:00,2025-03-13 17:00:00,UA,140,140,0,0,12.97,0.00,25.00
2025-03-13 16:00:00,2025-03-13 17:00:00,AA,144,143,0,1,16.71,0.00,27.08
2025-03-13 16:00:00,2025-03-13 17:00:00,DL,140,140,0,0,7.99,0.00,20.71
2025-03-13 16:00:00,2025-03-13 17:00:00,WN,234,231,2,1,19.64,0.85,34.05
2025-03-13 17:00:00,2025-03-13 18:00:00,AA,155,155,0,0,13.90,0.00,25.81
2025-03-13 17:00:00,2025-03-13 18:00:00,WN,243,242,1,0,19.68,0.41,32.23
2025-03-13 17:00:00,2025-03-13 18:00:00,UA,140,140,0,0,8.22,0.00,13.57
2025-03-13 17:00:00,2025-03-13 18:00:00,DL,185,185,0,0,8.78,0.00,20.54
2025-03-13 18:00:00,2025-03-13 19:00:00,WN,248,248,0,0,26.35,0.00,43.95
2025-03-13 18:00:00,2025-03-13 19:00:00,UA,153,153,0,0,6.56,0.00,19.61
2025-03-13 18:00:00,2025-03-13 19:00:00,AA,169,169,0,0,12.15,0.00,27.81
2025-03-13 18:00:00,2025-03-13 19:00:00,DL,172,172,0,0,12.85,0.00,29.65
2025-03-13 19:00:00,2025-03-13 20:00:00,WN,220,220,0,0,22.55,0.00,42.73
2025-03-13 19:00:00,2025-03-13 20:00:00,AA,159,157,1,1,22.80,0.63,29.11
2025-03-13 19:00:00,2025-03-13 20:00:00,DL,167,167,0,0,6.40,0.00,15.57
2025-03-13 19:00:00,2025-03-13 20:00:00,UA,135,135,0,0,12.93,0.00,25.93
2025-03-13 20:00:00,2025-03-13 21:00:00,AA,130,130,0,0,20.53,0.00,30.00
2025-03-13 20:00:00,2025-03-13 21:00:00,DL,120,119,0,1,12.70,0.00,24.17
2025-03-13 20:00:00,2025-03-13 21:00:00,UA,98,98,0,0,16.81,0.00,29.59
2025-03-13 20:00:00,2025-03-13 21:00:00,WN,275,275,0,0,19.11,0.00,33.82
2025-03-13 21:00:00,2025-03-13 22:00:00,WN,167,166,1,0,21.54,0.60,40.36
2025-03-13 21:00:00,2025-03-13 22:00:00,AA,88,88,0,0,17.20,0.00,31.82
2025-03-13 21:00:00,2025-03-13 22:00:00,DL,103,102,0,1,8.56,0.00,21.36
2025-03-13 21:00:00,2025-03-13 22:00:00,UA,63,63,0,0,5.84,0.00,17.46
2025-03-13 22:00:00,2025-03-13 23:00:00,WN,138,138,0,0,10.97,0.00,27.54
2025-03-13 22:00:00,2025-03-13 23:00:00,UA,35,35,0,0,0.34,0.00,11.43
2025-03-13 22:00:00,2025-03-13 23:00:00,AA,103,103,0,0,14.70,0.00,17.48
2025-03-13 22:00:00,2025-03-13 23:00:00,DL,102,102,0,0,5.92,0.00,15.69
2025-03-13 23:00:00,2025-03-14 00:00:00,WN,9,9,0,0,13.11,0.00,22.22
2025-03-13 23:00:00,2025-03-14 00:00:00,AA,29,29,0,0,8.38,0.00,34.48
2025-03-13 23:00:00,2025-03-14 00:00:00,DL,39,39,0,0,6.77,0.00,15.38
2025-03-13 23:00:00,2025-03-14 00:00:00,UA,45,45,0,0,1.44,0.00,8.89
2025-03-14 00:00:00,2025-03-14 01:00:00,DL,7,7,0,0,33.86,0.00,57.14
2025-03-14 00:00:00,2025-03-14 01:00:00,UA,8,8,0,0,14.12,0.00,12.50
2025-03-14 00:00:00,2025-03-14 01:00:00,AA,10,10,0,0,1.90,0.00,10.00
2025-03-14 01:00:00,2025-03-14 02:00:00,UA,1,1,0,0,-2.00,0.00,0.00
2025-03-14 01:00:00,2025-03-14 02:00:00,DL,2,2,0,0,-2.50,0.00,0.00
2025-03-14 05:00:00,2025-03-14 06:00:00,AA,111,111,0,0,3.53,0.00,7.21
2025-03-14 05:00:00,2025-03-14 06:00:00,WN,195,194,1,0,-0.24,0.51,2.58
2025-03-14 05:00:00,2025-03-14 06:00:00,UA,42,42,0,0,-2.29,0.00,2.38
2025-03-14 05:00:00,2025-03-14 06:00:00,DL,68,68,0,0,-3.19,0.00,4.41
2025-03-14 06:00:00,2025-03-14 07:00:00,UA,145,145,0,0,-0.99,0.00,6.21
2025-03-14 06:00:00,2025-03-14 07:00:00,WN,308,308,0,0,2.44,0.00,6.17
2025-03-14 06:00:00,2025-03-14 07:00:00,AA,190,190,0,0,2.06,0.00,6.32
2025-03-14 06:00:00,2025-03-14 07:00:00,DL,190,190,0,0,4.63,0.00,5.79
2025-03-14 07:00:00,2025-03-14 08:00:00,AA,221,217,3,1,0.73,1.36,7.80
2025-03-14 07:00:00,2025-03-14 08:00:00,WN,239,238,1,0,0.17,0.42,4.62
2025-03-14 07:00:00,2025-03-14 08:00:00,DL,246,245,0,1,0.18,0.00,4.47
2025-03-14 07:00:00,2025-03-14 08:00:00,UA,203,201,1,1,2.15,0.49,10.40
2025-03-14 08:00:00,2025-03-14 09:00:00,AA,199,182,16,1,7.26,8.04,10.93
2025-03-14 08:00:00,2025-03-14 09:00:00,UA,173,170,1,2,3.38,0.58,11.63
2025-03-14 08:00:00,2025-03-14 09:00:00,WN,268,266,2,0,2.32,0.75,7.52
2025-03-14 08:00:00,2025-03-14 09:00:00,DL,183,182,0,1,1.95,0.00,9.29
2025-03-14 09:00:00,2025-03-14 10:00:00,WN,237,235,2,0,5.32,0.84,11.06
2025-03-14 09:00:00,2025-03-14 10:00:00,UA,134,133,1,0,6.80,0.75,14.29
2025-03-14 09:00:00,2025-03-14 10:00:00,AA,133,124,8,1,3.17,6.02,14.40
2025-03-14 09:00:00,2025-03-14 10:00:00,DL,133,133,0,0,0.99,0.00,10.53
2025-03-14 10:00:00,2025-03-14 11:00:00,WN,237,235,2,0,4.77,0.84,10.64
2025-03-14 10:00:00,2025-03-14 11:00:00,AA,140,128,12,0,9.05,8.57,15.62
2025-03-14 10:00:00,2025-03-14 11:00:00,DL,162,161,0,1,4.43,0.00,11.73
2025-03-14 10:00:00,2025-03-14 11:00:00,UA,128,128,0,0,18.67,0.00,20.31
2025-03-14 11:00:00,2025-03-14 12:00:00,UA,126,126,0,0,12.37,0.00,21.43
2025-03-14 11:00:00,2025-03-14 12:00:00,WN,238,238,0,0,7.03,0.00,18.07
2025-03-14 11:00:00,2025-03-14 12:00:00,AA,166,142,24,0,15.70,14.46,16.90
2025-03-14 11:00:00,2025-03-14 12:00:00,DL,207,207,0,0,5.60,0.00,16.43
2025-03-14 12:00:00,2025-03-14 13:00:00,AA,147,119,28,0,17.69,19.05,22.69
2025-03-14 12:00:00,2025-03-14 13:00:00,WN,227,223,4,0,11.11,1.76,22.87
2025-03-14 12:00:00,2025-03-14 13:00:00,DL,168,168,0,0,9.42,0.00,16.07
2025-03-14 12:00:00,2025-03-14 13:00:00,UA,128,128,0,0,5.02,0.00,16.41
2025-03-14 13:00:00,2025-03-14 14:00:00,AA,147,127,20,0,7.20,13.61,15.75
2025-03-14 13:00:00,2025-03-14 14:00:00,DL,159,159,0,0,16.31,0.00,16.35
2025-03-14 13:00:00,2025-03-14 14:00:00,WN,246,244,2,0,13.09,0.81,27.46
2025-03-14 13:00:00,2025-03-14 14:00:00,UA,139,139,0,0,13.67,0.00,20.86
2025-03-14 14:00:00,2025-03-14 15:00:00,DL,155,153,1,1,11.50,0.65,18.83
2025-03-14 14:00:00,2025-03-14 15:00:00,UA,129,129,0,0,13.61,0.00,22.48
2025-03-14 14:00:00,2025-03-14 15:00:00,AA,143,120,23,0,13.97,16.08,25.00
2025-03-14 14:00:00,2025-03-14 15:00:00,WN,248,244,4,0,16.66,1.61,35.66
2025-03-14 15:00:00,2025-03-14 16:00:00,AA,144,120,24,0,14.51,16.67,23.33
2025-03-14 15:00:00,2025-03-14 16:00:00,WN,215,212,2,1,16.18,0.93,35.68
2025-03-14 15:00:00,2025-03-14 16:00:00,DL,179,178,1,0,7.94,0.56,21.35
2025-03-14 15:00:00,2025-03-14 16:00:00,UA,89,89,0,0,12.76,0.00,26.97
2025-03-14 16:00:00,2025-03-14 17:00:00,AA,143,122,20,1,8.48,13.99,18.70
2025-03-14 16:00:00,2025-03-14 17:00:00,DL,139,137,0,2,9.68,0.00,21.58
2025-03-14 16:00:00,2025-03-14 17:00:00,WN,235,233,1,1,18.08,0.43,34.62
2025-03-14 16:00:00,2025-03-14 17:00:00,UA,145,145,0,0,11.08,0.00,24.14
2025-03-14 17:00:00,2025-03-14 18:00:00,DL,188,187,1,0,11.07,0.53,22.99
2025-03-14 17:00:00,2025-03-14 18:00:00,UA,137,136,1,0,11.21,0.73,20.59
2025-03-14 17:00:00,2025-03-14 18:00:00,AA,155,135,20,0,24.29,12.90,28.15
2025-03-14 17:00:00,2025-03-14 18:00:00,WN,243,242,1,0,16.30,0.41,31.40
2025-03-14 18:00:00,2025-03-14 19:00:00,WN,249,247,1,1,22.15,0.40,41.53
2025-03-14 18:00:00,2025-03-14 19:00:00,UA,153,153,0,0,15.73,0.00,24.18
2025-03-14 18:00:00,2025-03-14 19:00:00,AA,169,153,16,0,20.56,9.47,27.45
2025-03-14 18:00:00,2025-03-14 19:00:00,DL,168,168,0,0,10.10,0.00,19.64
2025-03-14 19:00:00,2025-03-14 20:00:00,WN,221,221,0,0,20.42,0.00,35.75
2025-03-14 19:00:00,2025-03-14 20:00:00,AA,160,140,20,0,16.25,12.50,30.71
2025-03-14 19:00:00,2025-03-14 20:00:00,DL,167,166,1,0,10.73,0.60,25.30
2025-03-14 19:00:00,2025-03-14 20:00:00,UA,137,137,0,0,9.82,0.00,23.36
2025-03-14 20:00:00,2025-03-14 21:00:00,UA,98,97,0,1,16.82,0.00,30.61
2025-03-14 20:00:00,2025-03-14 21:00:00,WN,274,274,0,0,20.80,0.00,36.13
2025-03-14 20:00:00,2025-03-14 21:00:00,AA,129,127,2,0,24.46,1.55,31.50
2025-03-14 20:00:00,2025-03-14 21:00:00,DL,122,122,0,0,14.19,0.00,29.51
2025-03-14 21:00:00,2025-03-14 22:00:00,AA,90,86,4,0,28.34,4.44,34.88
2025-03-14 21:00:00,2025-03-14 22:00:00,DL,101,101,0,0,4.58,0.00,14.85
2025-03-14 21:00:00,2025-03-14 22:00:00,UA,61,61,0,0,9.30,0.00,24.59
2025-03-14 21:00:00,2025-03-14 22:00:00,WN,167,166,0,1,21.99,0.00,44.91
2025-03-14 22:00:00,2025-03-14 23:00:00,WN,136,134,0,2,18.73,0.00,35.29
2025-03-14 22:00:00,2025-03-14 23:00:00,AA,103,102,1,0,8.03,0.97,19.61
2025-03-14 22:00:00,2025-03-14 23:00:00,DL,103,103,0,0,8.98,0.00,26.21
2025-03-14 22:00:00,2025-03-14 23:00:00,UA,34,33,0,1,3.65,0.00,8.82
2025-03-14 23:00:00,2025-03-15 00:00:00,WN,9,9,0,0,9.11,0.00,33.33
2025-03-14 23:00:00,2025-03-15 00:00:00,AA,29,29,0,0,6.00,0.00,24.14
2025-03-14 23:00:00,2025-03-15 00:00:00,DL,40,40,0,0,7.88,0.00,12.50
2025-03-14 23:00:00,2025-03-15 00:00:00,UA,46,46,0,0,4.00,0.00,17.39
2025-03-15 00:00:00,2025-03-15 01:00:00,DL,7,7,0,0,-2.29,0.00,14.29
2025-03-15 00:00:00,2025-03-15 01:00:00,UA,7,7,0,0,10.00,0.00,28.57
2025-03-15 00:00:00,2025-03-15 01:00:00,AA,10,10,0,0,-4.70,0.00,0.00
2025-03-15 01:00:00,2025-03-15 02:00:00,DL,2,2,0,0,9.00,0.00,50.00
2025-03-15 01:00:00,2025-03-15 02:00:00,UA,1,1,0,0,40.00,0.00,100.00
2025-03-15 05:00:00,2025-03-15 06:00:00,UA,51,51,0,0,5.35,0.00,11.76
2025-03-15 05:00:00,2025-03-15 06:00:00,WN,193,193,0,0,1.25,0.00,7.25
2025-03-15 05:00:00,2025-03-15 06:00:00,DL,68,68,0,0,19.44,0.00,13.24
2025-03-15 05:00:00,2025-03-15 06:00:00,AA,109,109,0,0,15.50,0.00,10.09
2025-03-15 06:00:00,2025-03-15 07:00:00,WN,285,285,0,0,0.83,0.00,6.32
2025-03-15 06:00:00,2025-03-15 07:00:00,AA,183,183,0,0,12.85,0.00,12.02
2025-03-15 06:00:00,2025-03-15 07:00:00,UA,148,148,0,0,9.70,0.00,17.57
2025-03-15 06:00:00,2025-03-15 07:00:00,DL,181,181,0,0,2.93,0.00,9.39
2025-03-15 07:00:00,2025-03-15 08:00:00,AA,205,205,0,0,5.69,0.00,15.12
2025-03-15 07:00:00,2025-03-15 08:00:00,WN,229,228,0,1,4.55,0.00,11.79
2025-03-15 07:00:00,2025-03-15 08:00:00,DL,219,219,0,0,4.94,0.00,13.70
2025-03-15 07:00:00,2025-03-15 08:00:00,UA,183,183,0,0,21.17,0.00,28.42
2025-03-15 08:00:00,2025-03-15 09:00:00,AA,180,180,0,0,12.86,0.00,17.78
2025-03-15 08:00:00,2025-03-15 09:00:00,WN,216,215,0,1,9.08,0.00,16.20
2025-03-15 08:00:00,2025-03-15 09:00:00,DL,163,161,0,2,9.07,0.00,18.40
2025-03-15 08:00:00,2025-03-15 09:00:00,UA,153,152,1,0,21.29,0.65,28.95
2025-03-15 09:00:00,2025-03-15 10:00:00,AA,118,117,1,0,14.06,0.85,24.79
2025-03-15 09:00:00,2025-03-15 10:00:00,DL,137,137,0,0,9.75,0.00,20.44
2025-03-15 09:00:00,2025-03-15 10:00:00,UA,116,116,0,0,15.02,0.00,25.00
2025-03-15 09:00:00,2025-03-15 10:00:00,WN,197,197,0,0,10.30,0.00,18.78
2025-03-15 10:00:00,2025-03-15 11:00:00,DL,129,129,0,0,16.25,0.00,28.68
2025-03-15 10:00:00,2025-03-15 11:00:00,WN,185,184,0,1,20.10,0.00,30.27
2025-03-15 10:00:00,2025-03-15 11:00:00,AA,128,128,0,0,10.22,0.00,18.75
2025-03-15 10:00:00,2025-03-15 11:00:00,UA,117,117,0,0,32.88,0.00,44.44
2025-03-15 11:00:00,2025-03-15 12:00:00,WN,225,225,0,0,17.34,0.00,32.89
2025-03-15 11:00:00,2025-03-15 12:00:00,AA,148,147,0,1,16.50,0.00,24.32
2025-03-15 11:00:00,2025-03-15 12:00:00,DL,195,194,0,1,10.94,0.00,23.08
2025-03-15 11:00:00,2025-03-15 12:00:00,UA,112,110,2,0,37.75,1.79,40.00
2025-03-15 12:00:00,2025-03-15 13:00:00,AA,125,124,1,0,22.00,0.80,37.10
2025-03-15 12:00:00,2025-03-15 13:00:00,DL,146,145,1,0,15.69,0.68,33.10
2025-03-15 12:00:00,2025-03-15 13:00:00,WN,178,176,0,2,22.51,0.00,37.08
2025-03-15 12:00:00,2025-03-15 13:00:00,UA,103,102,1,0,42.85,0.97,49.02
2025-03-15 13:00:00,2025-03-15 14:00:00,DL,132,131,1,0,32.22,0.76,35.88
2025-03-15 13:00:00,2025-03-15 14:00:00,WN,237,236,1,0,21.67,0.42,38.14
2025-03-15 13:00:00,2025-03-15 14:00:00,UA,128,127,0,1,20.77,0.00,29.69
2025-03-15 13:00:00,2025-03-15 14:00:00,AA,132,132,0,0,29.51,0.00,34.85
2025-03-15 14:00:00,2025-03-15 15:00:00,UA,115,112,3,0,61.18,2.61,61.61
2025-03-15 14:00:00,2025-03-15 15:00:00,AA,133,132,0,1,29.92,0.00,39.10
2025-03-15 14:00:00,2025-03-15 15:00:00,DL,125,124,1,0,21.55,0.80,33.87
2025-03-15 14:00:00,2025-03-15 15:00:00,WN,192,191,0,1,35.39,0.00,42.19
2025-03-15 15:00:00,2025-03-15 16:00:00,AA,134,134,0,0,36.40,0.00,44.03
2025-03-15 15:00:00,2025-03-15 16:00:00,WN,222,221,1,0,28.03,0.45,47.06
2025-03-15 15:00:00,2025-03-15 16:00:00,DL,163,162,0,1,30.94,0.00,46.63
2025-03-15 15:00:00,2025-03-15 16:00:00,UA,82,81,1,0,46.17,1.22,46.91
2025-03-15 16:00:00,2025-03-15 17:00:00,AA,131,130,0,1,38.98,0.00,44.27
2025-03-15 16:00:00,2025-03-15 17:00:00,DL,111,109,1,1,27.92,0.90,44.55
2025-03-15 16:00:00,2025-03-15 17:00:00,WN,204,204,0,0,29.94,0.00,42.65
2025-03-15 16:00:00,2025-03-15 17:00:00,UA,128,128,0,0,45.53,0.00,51.56
2025-03-15 17:00:00,2025-03-15 18:00:00,DL,148,144,3,1,24.62,2.03,39.31
2025-03-15 17:00:00,2025-03-15 18:00:00,UA,118,118,0,0,37.64,0.00,38.14
2025-03-15 17:00:00,2025-03-15 18:00:00,AA,149,148,1,0,45.00,0.67,47.97
2025-03-15 17:00:00,2025-03-15 18:00:00,WN,218,215,2,1,38.12,0.92,54.17
2025-03-15 18:00:00,2025-03-15 19:00:00,AA,151,150,1,0,35.16,0.66,48.00
2025-03-15 18:00:00,2025-03-15 19:00:00,WN,227,226,0,1,30.54,0.00,45.37
2025-03-15 18:00:00,2025-03-15 19:00:00,DL,138,138,0,0,30.62,0.00,46.38
2025-03-15 18:00:00,2025-03-15 19:00:00,UA,124,124,0,0,51.42,0.00,57.26
2025-03-15 19:00:00,2025-03-15 20:00:00,AA,151,151,0,0,41.28,0.00,53.64
2025-03-15 19:00:00,2025-03-15 20:00:00,DL,87,87,0,0,18.31,0.00,29.89
2025-03-15 19:00:00,2025-03-15 20:00:00,UA,126,125,1,0,28.25,0.79,48.00
2025-03-15 19:00:00,2025-03-15 20:00:00,WN,223,220,2,1,34.47,0.90,48.87
2025-03-15 20:00:00,2025-03-15 21:00:00,UA,82,82,0,0,61.66,0.00,59.76
2025-03-15 20:00:00,2025-03-15 21:00:00,AA,128,127,1,0,26.41,0.78,47.24
2025-03-15 20:00:00,2025-03-15 21:00:00,WN,233,230,1,2,36.83,0.43,53.02
2025-03-15 20:00:00,2025-03-15 21:00:00,DL,88,87,1,0,37.76,1.14,48.28
2025-03-15 21:00:00,2025-03-15 22:00:00,WN,171,170,0,1,40.07,0.00,57.89
2025-03-15 21:00:00,2025-03-15 22:00:00,UA,48,48,0,0,24.54,0.00,39.58
2025-03-15 21:00:00,2025-03-15 22:00:00,AA,91,91,0,0,39.00,0.00,47.25
2025-03-15 21:00:00,2025-03-15 22:00:00,DL,86,84,2,0,35.52,2.33,44.05
2025-03-15 22:00:00,2025-03-15 23:00:00,UA,36,34,2,0,17.56,5.56,32.35
2025-03-15 22:00:00,2025-03-15 23:00:00,WN,107,106,0,1,35.23,0.00,69.16
2025-03-15 22:00:00,2025-03-15 23:00:00,AA,100,100,0,0,26.80,0.00,41.00
2025-03-15 22:00:00,2025-03-15 23:00:00,DL,76,61,15,0,59.56,19.74,36.07
2025-03-15 23:00:00,2025-03-16 00:00:00,WN,9,9,0,0,5.56,0.00,11.11
2025-03-15 23:00:00,2025-03-16 00:00:00,AA,28,28,0,0,18.04,0.00,35.71
2025-03-15 23:00:00,2025-03-16 00:00:00,DL,25,25,0,0,39.88,0.00,36.00
2025-03-15 23:00:00,2025-03-16 00:00:00,UA,41,41,0,0,7.54,0.00,14.63
2025-03-16 00:00:00,2025-03-16 01:00:00,UA,6,6,0,0,6.17,0.00,16.67
2025-03-16 00:00:00,2025-03-16 01:00:00,AA,9,9,0,0,-1.67,0.00,11.11
2025-03-16 00:00:00,2025-03-16 01:00:00,DL,4,4,0,0,16.00,0.00,25.00
2025-03-16 01:00:00,2025-03-16 02:00:00,DL,2,2,0,0,-7.00,0.00,0.00
2025-03-16 01:00:00,2025-03-16 02:00:00,UA,2,2,0,0,39.50,0.00,100.00
2025-03-16 05:00:00,2025-03-16 06:00:00,DL,67,57,10,0,19.81,14.93,12.28
2025-03-16 05:00:00,2025-03-16 06:00:00,WN,193,193,0,0,-0.08,0.00,7.77
2025-03-16 05:00:00,2025-03-16 06:00:00,AA,110,109,1,0,10.99,0.91,11.01
2025-03-16 05:00:00,2025-03-16 06:00:00,UA,39,38,1,0,-1.34,2.56,7.89
2025-03-16 06:00:00,2025-03-16 07:00:00,UA,146,145,0,1,3.11,0.00,14.38
2025-03-16 06:00:00,2025-03-16 07:00:00,DL,182,178,4,0,8.79,2.20,11.24
2025-03-16 06:00:00,2025-03-16 07:00:00,WN,296,296,0,0,2.10,0.00,5.74
2025-03-16 06:00:00,2025-03-16 07:00:00,AA,188,181,7,0,6.86,3.72,13.81
2025-03-16 07:00:00,2025-03-16 08:00:00,AA,221,208,12,1,10.04,5.43,14.35
2025-03-16 07:00:00,2025-03-16 08:00:00,UA,201,201,0,0,6.14,0.00,14.43
2025-03-16 07:00:00,2025-03-16 08:00:00,WN,232,232,0,0,11.00,0.00,11.21
2025-03-16 07:00:00,2025-03-16 08:00:00,DL,245,241,4,0,11.41,1.63,13.69
2025-03-16 08:00:00,2025-03-16 09:00:00,WN,245,242,2,1,5.95,0.82,14.81
2025-03-16 08:00:00,2025-03-16 09:00:00,UA,167,165,2,0,15.94,1.20,21.21
2025-03-16 08:00:00,2025-03-16 09:00:00,AA,199,191,7,1,24.36,3.52,20.83
2025-03-16 08:00:00,2025-03-16 09:00:00,DL,188,186,2,0,16.34,1.06,24.73
2025-03-16 09:00:00,2025-03-16 10:00:00,WN,202,199,2,1,7.23,0.99,14.50
2025-03-16 09:00:00,2025-03-16 10:00:00,AA,134,125,9,0,24.34,6.72,24.80
2025-03-16 09:00:00,2025-03-16 10:00:00,DL,131,131,0,0,31.27,0.00,42.75
2025-03-16 09:00:00,2025-03-16 10:00:00,UA,130,127,2,1,23.58,1.54,27.34
2025-03-16 10:00:00,2025-03-16 11:00:00,AA,141,140,1,0,19.86,0.71,30.71
2025-03-16 10:00:00,2025-03-16 11:00:00,DL,161,157,3,1,23.48,1.86,41.14
2025-03-16 10:00:00,2025-03-16 11:00:00,UA,125,125,0,0,28.18,0.00,32.00
2025-03-16 10:00:00,2025-03-16 11:00:00,WN,236,230,6,0,22.43,2.54,25.65
2025-03-16 11:00:00,2025-03-16 12:00:00,UA,121,117,2,2,30.70,1.65,36.13
2025-03-16 11:00:00,2025-03-16 12:00:00,WN,221,212,7,2,26.53,3.17,28.97
2025-03-16 11:00:00,2025-03-16 12:00:00,DL,209,203,5,1,34.12,2.39,42.65
2025-03-16 11:00:00,2025-03-16 12:00:00,AA,164,157,3,4,54.60,1.83,44.10
2025-03-16 12:00:00,2025-03-16 13:00:00,WN,225,213,12,0,30.15,5.33,38.50
2025-03-16 12:00:00,2025-03-16 13:00:00,AA,146,139,6,1,54.22,4.11,43.57
2025-03-16 12:00:00,2025-03-16 13:00:00,DL,164,164,0,0,43.87,0.00,56.71
2025-03-16 12:00:00,2025-03-16 13:00:00,UA,120,116,3,1,65.84,2.50,47.01
2025-03-16 13:00:00,2025-03-16 14:00:00,UA,139,137,2,0,33.47,1.44,39.42
2025-03-16 13:00:00,2025-03-16 14:00:00,WN,241,226,14,1,42.00,5.81,40.97
2025-03-16 13:00:00,2025-03-16 14:00:00,AA,149,141,6,2,74.20,4.03,53.85
2025-03-16 13:00:00,2025-03-16 14:00:00,DL,162,157,5,0,58.36,3.09,59.87
2025-03-16 14:00:00,2025-03-16 15:00:00,WN,214,204,9,1,39.14,4.21,42.44
2025-03-16 14:00:00,2025-03-16 15:00:00,UA,125,122,1,2,55.73,0.80,47.58
2025-03-16 14:00:00,2025-03-16 15:00:00,AA,140,137,1,2,70.81,0.71,55.40
2025-03-16 14:00:00,2025-03-16 15:00:00,DL,153,146,6,1,52.53,3.92,60.54
2025-03-16 15:00:00,2025-03-16 16:00:00,WN,226,212,13,1,48.75,5.75,53.05
2025-03-16 15:00:00,2025-03-16 16:00:00,AA,148,138,9,1,69.88,6.08,55.40
2025-03-16 15:00:00,2025-03-16 16:00:00,DL,180,173,7,0,57.62,3.89,58.38
2025-03-16 15:00:00,2025-03-16 16:00:00,UA,89,87,2,0,47.95,2.25,48.28
2025-03-16 16:00:00,2025-03-16 17:00:00,UA,139,135,3,1,65.45,2.16,61.03
2025-03-16 16:00:00,2025-03-16 17:00:00,WN,234,213,19,2,48.51,8.12,56.28
2025-03-16 16:00:00,2025-03-16 17:00:00,AA,146,139,7,0,78.80,4.79,53.96
2025-03-16 16:00:00,2025-03-16 17:00:00,DL,140,131,7,2,66.44,5.00,69.17
2025-03-16 17:00:00,2025-03-16 18:00:00,AA,154,145,8,1,74.61,5.19,59.59
2025-03-16 17:00:00,2025-03-16 18:00:00,WN,244,228,16,0,52.10,6.56,63.60
2025-03-16 17:00:00,2025-03-16 18:00:00,DL,186,182,3,1,72.92,1.61,65.03
2025-03-16 17:00:00,2025-03-16 18:00:00,UA,134,128,6,0,54.91,4.48,50.78
2025-03-16 18:00:00,2025-03-16 19:00:00,AA,168,153,12,3,65.40,7.14,61.54
2025-03-16 18:00:00,2025-03-16 19:00:00,DL,166,158,7,1,67.77,4.22,73.58
2025-03-16 18:00:00,2025-03-16 19:00:00,WN,228,210,15,3,60.87,6.58,63.85
2025-03-16 18:00:00,2025-03-16 19:00:00,UA,150,146,3,1,79.19,2.00,61.22
2025-03-16 19:00:00,2025-03-16 20:00:00,DL,171,153,18,0,100.67,10.53,71.90
2025-03-16 19:00:00,2025-03-16 20:00:00,UA,134,130,3,1,65.50,2.24,57.25
2025-03-16 19:00:00,2025-03-16 20:00:00,AA,161,144,15,2,82.95,9.32,56.85
2025-03-16 19:00:00,2025-03-16 20:00:00,WN,245,228,17,0,64.03,6.94,65.35
2025-03-16 20:00:00,2025-03-16 21:00:00,AA,134,125,8,1,88.41,5.97,59.52
2025-03-16 20:00:00,2025-03-16 21:00:00,WN,252,231,21,0,59.39,8.33,67.53
2025-03-16 20:00:00,2025-03-16 21:00:00,DL,120,113,6,1,81.86,5.00,65.79
2025-03-16 20:00:00,2025-03-16 21:00:00,UA,99,96,3,0,57.95,3.03,69.79
2025-03-16 21:00:00,2025-03-16 22:00:00,AA,99,91,8,0,88.29,8.08,56.04
2025-03-16 21:00:00,2025-03-16 22:00:00,DL,101,93,8,0,76.16,7.92,64.52
2025-03-16 21:00:00,2025-03-16 22:00:00,UA,64,62,1,1,58.92,1.56,68.25
2025-03-16 21:00:00,2025-03-16 22:00:00,WN,194,179,15,0,67.42,7.73,67.60
2025-03-16 22:00:00,2025-03-16 23:00:00,WN,163,149,14,0,69.66,8.59,80.54
2025-03-16 22:00:00,2025-03-16 23:00:00,AA,105,96,9,0,48.42,8.57,52.08
2025-03-16 22:00:00,2025-03-16 23:00:00,DL,104,99,5,0,57.49,4.81,63.64
2025-03-16 22:00:00,2025-03-16 23:00:00,UA,35,35,0,0,60.89,0.00,71.43
2025-03-16 23:00:00,2025-03-17 00:00:00,UA,46,46,0,0,33.26,0.00,52.17
2025-03-16 23:00:00,2025-03-17 00:00:00,AA,39,34,5,0,34.24,12.82,35.29
2025-03-16 23:00:00,2025-03-17 00:00:00,WN,9,9,0,0,10.78,0.00,44.44
2025-03-16 23:00:00,2025-03-17 00:00:00,DL,39,36,1,2,39.79,2.56,63.16
2025-03-17 00:00:00,2025-03-17 01:00:00,DL,7,7,0,0,22.00,0.00,28.57
2025-03-17 00:00:00,2025-03-17 01:00:00,AA,13,12,1,0,127.42,7.69,50.00
2025-03-17 00:00:00,2025-03-17 01:00:00,UA,8,7,1,0,31.29,12.50,71.43
2025-03-17 01:00:00,2025-03-17 02:00:00,DL,2,1,1,0,-14.00,50.00,0.00
2025-03-17 01:00:00,2025-03-17 02:00:00,UA,1,1,0,0,15.00,0.00,0.00
2025-03-17 05:00:00,2025-03-17 06:00:00,UA,42,42,0,0,3.67,0.00,11.90
2025-03-17 05:00:00,2025-03-17 06:00:00,WN,197,190,7,0,8.95,3.55,12.11
2025-03-17 05:00:00,2025-03-17 06:00:00,AA,110,104,6,0,12.57,5.45,14.42
2025-03-17 05:00:00,2025-03-17 06:00:00,DL,68,64,4,0,3.89,5.88,10.94
2025-03-17 06:00:00,2025-03-17 07:00:00,WN,307,300,7,0,11.40,2.28,13.00
2025-03-17 06:00:00,2025-03-17 07:00:00,UA,143,142,1,0,6.66,0.70,14.08
2025-03-17 06:00:00,2025-03-17 07:00:00,AA,191,177,14,0,12.36,7.33,13.56
2025-03-17 06:00:00,2025-03-17 07:00:00,DL,190,180,10,0,10.43,5.26,13.89
2025-03-17 07:00:00,2025-03-17 08:00:00,WN,239,231,8,0,20.37,3.35,22.94
2025-03-17 07:00:00,2025-03-17 08:00:00,UA,205,204,1,0,3.79,0.49,9.80
2025-03-17 07:00:00,2025-03-17 08:00:00,AA,222,207,15,0,19.50,6.76,14.49
2025-03-17 07:00:00,2025-03-17 08:00:00,DL,245,233,12,0,20.47,4.90,18.03
2025-03-17 08:00:00,2025-03-17 09:00:00,WN,269,265,4,0,13.72,1.49,22.64
2025-03-17 08:00:00,2025-03-17 09:00:00,AA,199,190,9,0,18.66,4.52,18.95
2025-03-17 08:00:00,2025-03-17 09:00:00,DL,184,176,8,0,10.81,4.35,17.05
2025-03-17 08:00:00,2025-03-17 09:00:00,UA,172,170,2,0,9.16,1.16,13.53
2025-03-17 09:00:00,2025-03-17 10:00:00,AA,134,131,2,1,20.05,1.49,27.27
2025-03-17 09:00:00,2025-03-17 10:00:00,DL,134,131,1,2,16.13,0.75,22.56
2025-03-17 09:00:00,2025-03-17 10:00:00,WN,236,232,4,0,16.21,1.69,30.17
2025-03-17 09:00:00,2025-03-17 10:00:00,UA,133,133,0,0,6.18,0.00,13.53
2025-03-17 10:00:00,2025-03-17 11:00:00,DL,161,160,1,0,12.47,0.62,19.38
2025-03-17 10:00:00,2025-03-17 11:00:00,WN,237,234,2,1,18.42,0.84,28.94
2025-03-17 10:00:00,2025-03-17 11:00:00,UA,128,128,0,0,7.41,0.00,17.97
2025-03-17 10:00:00,2025-03-17 11:00:00,AA,140,137,3,0,15.09,2.14,17.52
2025-03-17 11:00:00,2025-03-17 12:00:00,WN,237,234,3,0,19.83,1.27,33.76
2025-03-17 11:00:00,2025-03-17 12:00:00,UA,125,123,1,1,10.22,0.80,18.55
2025-03-17 11:00:00,2025-03-17 12:00:00,AA,168,168,0,0,28.32,0.00,33.33
2025-03-17 11:00:00,2025-03-17 12:00:00,DL,206,204,2,0,20.33,0.97,33.82
2025-03-17 12:00:00,2025-03-17 13:00:00,WN,227,226,1,0,24.91,0.44,36.28
2025-03-17 12:00:00,2025-03-17 13:00:00,AA,145,145,0,0,26.64,0.00,31.03
2025-03-17 12:00:00,2025-03-17 13:00:00,DL,167,164,2,1,17.27,1.20,27.27
2025-03-17 12:00:00,2025-03-17 13:00:00,UA,130,130,0,0,7.33,0.00,13.85
2025-03-17 13:00:00,2025-03-17 14:00:00,AA,149,149,0,0,29.66,0.00,27.52
2025-03-17 13:00:00,2025-03-17 14:00:00,DL,158,158,0,0,17.00,0.00,31.01
2025-03-17 13:00:00,2025-03-17 14:00:00,WN,246,245,1,0,23.36,0.41,39.18
2025-03-17 13:00:00,2025-03-17 14:00:00,UA,137,137,0,0,12.02,0.00,24.09
2025-03-17 14:00:00,2025-03-17 15:00:00,DL,154,153,1,0,14.99,0.65,28.76
2025-03-17 14:00:00,2025-03-17 15:00:00,WN,247,246,1,0,30.66,0.40,47.97
2025-03-17 14:00:00,2025-03-17 15:00:00,UA,128,128,0,0,12.41,0.00,22.66
2025-03-17 14:00:00,2025-03-17 15:00:00,AA,144,143,1,0,21.56,0.69,30.77
2025-03-17 15:00:00,2025-03-17 16:00:00,UA,94,94,0,0,13.49,0.00,31.91
2025-03-17 15:00:00,2025-03-17 16:00:00,AA,145,145,0,0,21.08,0.00,30.34
2025-03-17 15:00:00,2025-03-17 16:00:00,DL,181,179,2,0,27.73,1.10,37.99
2025-03-17 15:00:00,2025-03-17 16:00:00,WN,215,214,1,0,24.90,0.47,46.26
2025-03-17 16:00:00,2025-03-17 17:00:00,AA,143,141,1,1,24.48,0.70,35.92
2025-03-17 16:00:00,2025-03-17 17:00:00,WN,234,234,0,0,28.15,0.00,57.26
2025-03-17 16:00:00,2025-03-17 17:00:00,DL,141,141,0,0,19.38,0.00,30.50
2025-03-17 16:00:00,2025-03-17 17:00:00,UA,140,139,0,1,12.04,0.00,22.86
2025-03-17 17:00:00,2025-03-17 18:00:00,AA,154,154,0,0,14.49,0.00,28.57
2025-03-17 17:00:00,2025-03-17 18:00:00,UA,140,140,0,0,19.04,0.00,31.43
2025-03-17 17:00:00,2025-03-17 18:00:00,WN,243,242,0,1,26.48,0.00,46.91
2025-03-17 17:00:00,2025-03-17 18:00:00,DL,185,185,0,0,17.61,0.00,35.68
2025-03-17 18:00:00,2025-03-17 19:00:00,UA,152,152,0,0,11.22,0.00,23.68
2025-03-17 18:00:00,2025-03-17 19:00:00,AA,168,167,1,0,18.47,0.60,34.13
2025-03-17 18:00:00,2025-03-17 19:00:00,DL,171,170,1,0,30.47,0.58,42.35
2025-03-17 18:00:00,2025-03-17 19:00:00,WN,249,247,1,1,32.94,0.40,58.47
2025-03-17 19:00:00,2025-03-17 20:00:00,AA,161,161,0,0,20.12,0.00,34.16
2025-03-17 19:00:00,2025-03-17 20:00:00,WN,220,219,1,0,26.75,0.45,50.23
2025-03-17 19:00:00,2025-03-17 20:00:00,DL,164,163,1,0,22.71,0.61,42.33
2025-03-17 19:00:00,2025-03-17 20:00:00,UA,128,128,0,0,15.02,0.00,30.47
2025-03-17 20:00:00,2025-03-17 21:00:00,AA,129,128,0,1,25.49,0.00,34.88
2025-03-17 20:00:00,2025-03-17 21:00:00,UA,96,95,1,0,15.74,1.04,27.37
2025-03-17 20:00:00,2025-03-17 21:00:00,WN,274,271,1,2,27.97,0.36,48.35
2025-03-17 20:00:00,2025-03-17 21:00:00,DL,120,120,0,0,20.38,0.00,37.50
2025-03-17 21:00:00,2025-03-17 22:00:00,AA,87,87,0,0,14.62,0.00,24.14
2025-03-17 21:00:00,2025-03-17 22:00:00,DL,104,102,1,1,23.51,0.96,43.69
2025-03-17 21:00:00,2025-03-17 22:00:00,UA,57,57,0,0,7.95,0.00,22.81
2025-03-17 21:00:00,2025-03-17 22:00:00,WN,168,168,0,0,30.02,0.00,58.93
2025-03-17 22:00:00,2025-03-17 23:00:00,WN,138,137,1,0,15.96,0.72,42.34
2025-03-17 22:00:00,2025-03-17 23:00:00,AA,102,102,0,0,17.10,0.00,26.47
2025-03-17 22:00:00,2025-03-17 23:00:00,DL,101,101,0,0,13.64,0.00,31.68
2025-03-17 22:00:00,2025-03-17 23:00:00,UA,34,34,0,0,7.32,0.00,23.53
2025-03-17 23:00:00,2025-03-18 00:00:00,WN,9,9,0,0,12.22,0.00,33.33
2025-03-17 23:00:00,2025-03-18 00:00:00,AA,27,26,1,0,0.31,3.70,7.69
2025-03-17 23:00:00,2025-03-18 00:00:00,DL,37,37,0,0,11.05,0.00,37.84
2025-03-17 23:00:00,2025-03-18 00:00:00,UA,39,38,1,0,2.97,2.56,13.16
2025-03-18 00:00:00,2025-03-18 01:00:00,UA,6,6,0,0,-1.83,0.00,0.00
2025-03-18 00:00:00,2025-03-18 01:00:00,AA,10,10,0,0,24.40,0.00,40.00
2025-03-18 00:00:00,2025-03-18 01:00:00,DL,7,7,0,0,11.43,0.00,28.57
2025-03-18 01:00:00,2025-03-18 02:00:00,DL,2,2,0,0,-5.50,0.00,0.00
2025-03-18 01:00:00,2025-03-18 02:00:00,UA,1,1,0,0,5.00,0.00,0.00
2025-03-18 05:00:00,2025-03-18 06:00:00,WN,107,106,1,0,-1.92,0.93,1.89
2025-03-18 05:00:00,2025-03-18 06:00:00,AA,111,111,0,0,11.02,0.00,6.31
2025-03-18 05:00:00,2025-03-18 06:00:00,DL,67,67,0,0,-3.75,0.00,2.99
2025-03-18 05:00:00,2025-03-18 06:00:00,UA,36,36,0,0,-2.36,0.00,8.33
2025-03-18 06:00:00,2025-03-18 07:00:00,AA,190,190,0,0,12.78,0.00,7.37
2025-03-18 06:00:00,2025-03-18 07:00:00,UA,131,130,1,0,1.81,0.76,1.54
2025-03-18 06:00:00,2025-03-18 07:00:00,DL,188,188,0,0,-0.95,0.00,4.79
2025-03-18 06:00:00,2025-03-18 07:00:00,WN,302,301,1,0,-1.23,0.33,2.99
2025-03-18 07:00:00,2025-03-18 08:00:00,AA,222,222,0,0,2.14,0.00,6.31
2025-03-18 07:00:00,2025-03-18 08:00:00,DL,244,244,0,0,-0.32,0.00,6.97
2025-03-18 07:00:00,2025-03-18 08:00:00,WN,245,245,0,0,-0.18,0.00,2.86
2025-03-18 07:00:00,2025-03-18 08:00:00,UA,192,187,4,1,2.83,2.08,2.66
2025-03-18 08:00:00,2025-03-18 09:00:00,AA,198,198,0,0,7.42,0.00,12.63
2025-03-18 08:00:00,2025-03-18 09:00:00,UA,170,169,0,1,0.25,0.00,4.71
2025-03-18 08:00:00,2025-03-18 09:00:00,WN,270,269,1,0,0.96,0.37,6.32
2025-03-18 08:00:00,2025-03-18 09:00:00,DL,177,177,0,0,0.38,0.00,7.34
2025-03-18 09:00:00,2025-03-18 10:00:00,UA,129,129,0,0,2.45,0.00,6.98
2025-03-18 09:00:00,2025-03-18 10:00:00,AA,133,133,0,0,9.83,0.00,12.03
2025-03-18 09:00:00,2025-03-18 10:00:00,DL,132,132,0,0,2.01,0.00,6.06
2025-03-18 09:00:00,2025-03-18 10:00:00,WN,203,201,1,1,0.86,0.49,6.44
2025-03-18 10:00:00,2025-03-18 11:00:00,AA,140,140,0,0,10.25,0.00,19.29
2025-03-18 10:00:00,2025-03-18 11:00:00,WN,250,249,1,0,0.17,0.40,5.22
2025-03-18 10:00:00,2025-03-18 11:00:00,UA,129,129,0,0,9.71,0.00,11.63
2025-03-18 10:00:00,2025-03-18 11:00:00,DL,158,158,0,0,5.07,0.00,12.03
2025-03-18 11:00:00,2025-03-18 12:00:00,WN,226,222,0,4,4.67,0.00,10.62
2025-03-18 11:00:00,2025-03-18 12:00:00,UA,121,120,1,0,4.81,0.83,9.17
2025-03-18 11:00:00,2025-03-18 12:00:00,AA,168,167,0,1,4.78,0.00,14.29
2025-03-18 11:00:00,2025-03-18 12:00:00,DL,205,204,0,1,3.59,0.00,12.68
2025-03-18 12:00:00,2025-03-18 13:00:00,WN,234,231,1,2,3.20,0.43,13.30
2025-03-18 12:00:00,2025-03-18 13:00:00,AA,144,144,0,0,10.66,0.00,22.22
2025-03-18 12:00:00,2025-03-18 13:00:00,DL,164,163,0,1,0.90,0.00,10.37
2025-03-18 12:00:00,2025-03-18 13:00:00,UA,126,125,0,1,4.69,0.00,8.73
2025-03-18 13:00:00,2025-03-18 14:00:00,UA,134,132,2,0,5.39,1.49,12.12
2025-03-18 13:00:00,2025-03-18 14:00:00,WN,235,233,1,1,1.50,0.43,7.26
2025-03-18 13:00:00,2025-03-18 14:00:00,AA,148,148,0,0,9.04,0.00,14.86
2025-03-18 13:00:00,2025-03-18 14:00:00,DL,149,147,1,1,14.05,0.67,14.19
2025-03-18 14:00:00,2025-03-18 15:00:00,UA,121,120,0,1,4.47,0.00,14.05
2025-03-18 14:00:00,2025-03-18 15:00:00,AA,144,144,0,0,11.27,0.00,20.83
2025-03-18 14:00:00,2025-03-18 15:00:00,DL,144,143,0,1,5.02,0.00,13.19
2025-03-18 14:00:00,2025-03-18 15:00:00,WN,221,216,4,1,10.94,1.81,15.21
2025-03-18 15:00:00,2025-03-18 16:00:00,AA,144,142,0,2,18.31,0.00,26.39
2025-03-18 15:00:00,2025-03-18 16:00:00,WN,216,212,4,0,14.93,1.85,18.40
2025-03-18 15:00:00,2025-03-18 16:00:00,DL,178,177,0,1,11.81,0.00,17.98
2025-03-18 15:00:00,2025-03-18 16:00:00,UA,87,86,1,0,4.60,1.15,16.28
2025-03-18 16:00:00,2025-03-18 17:00:00,AA,144,144,0,0,19.38,0.00,25.00
2025-03-18 16:00:00,2025-03-18 17:00:00,UA,139,138,1,0,8.01,0.72,16.67
2025-03-18 16:00:00,2025-03-18 17:00:00,WN,240,238,2,0,6.87,0.83,13.87
2025-03-18 16:00:00,2025-03-18 17:00:00,DL,129,129,0,0,10.54,0.00,17.83
2025-03-18 17:00:00,2025-03-18 18:00:00,AA,154,154,0,0,22.01,0.00,26.62
2025-03-18 17:00:00,2025-03-18 18:00:00,DL,178,178,0,0,3.22,0.00,12.92
2025-03-18 17:00:00,2025-03-18 18:00:00,UA,131,130,0,1,10.17,0.00,18.32
2025-03-18 17:00:00,2025-03-18 18:00:00,WN,230,224,6,0,8.26,2.61,18.75
2025-03-18 18:00:00,2025-03-18 19:00:00,WN,218,216,2,0,10.13,0.92,18.98
2025-03-18 18:00:00,2025-03-18 19:00:00,AA,168,167,0,1,14.18,0.00,22.62
2025-03-18 18:00:00,2025-03-18 19:00:00,DL,152,152,0,0,6.93,0.00,17.76
2025-03-18 18:00:00,2025-03-18 19:00:00,UA,134,134,0,0,4.87,0.00,10.45
2025-03-18 19:00:00,2025-03-18 20:00:00,AA,160,160,0,0,15.70,0.00,28.75
2025-03-18 19:00:00,2025-03-18 20:00:00,UA,115,114,1,0,16.45,0.87,23.68
2025-03-18 19:00:00,2025-03-18 20:00:00,DL,132,131,1,0,2.09,0.76,9.16
2025-03-18 19:00:00,2025-03-18 20:00:00,WN,280,277,3,0,9.10,1.07,20.94
2025-03-18 20:00:00,2025-03-18 21:00:00,UA,91,91,0,0,9.42,0.00,18.68
2025-03-18 20:00:00,2025-03-18 21:00:00,AA,127,127,0,0,14.17,0.00,17.32
2025-03-18 20:00:00,2025-03-18 21:00:00,DL,93,93,0,0,3.72,0.00,12.90
2025-03-18 20:00:00,2025-03-18 21:00:00,WN,180,179,1,0,10.47,0.56,24.02
2025-03-18 21:00:00,2025-03-18 22:00:00,AA,87,87,0,0,31.56,0.00,24.14
2025-03-18 21:00:00,2025-03-18 22:00:00,WN,160,160,0,0,10.62,0.00,29.38
2025-03-18 21:00:00,2025-03-18 22:00:00,DL,78,78,0,0,3.45,0.00,15.38
2025-03-18 21:00:00,2025-03-18 22:00:00,UA,42,42,0,0,5.43,0.00,9.52
2025-03-18 22:00:00,2025-03-18 23:00:00,AA,102,102,0,0,14.21,0.00,16.67
2025-03-18 22:00:00,2025-03-18 23:00:00,DL,95,95,0,0,-0.27,0.00,8.42
2025-03-18 22:00:00,2025-03-18 23:00:00,WN,10,10,0,0,17.00,0.00,20.00
2025-03-18 22:00:00,2025-03-18 23:00:00,UA,31,31,0,0,-1.06,0.00,6.45
2025-03-18 23:00:00,2025-03-19 00:00:00,WN,9,9,0,0,2.33,0.00,22.22
2025-03-18 23:00:00,2025-03-19 00:00:00,AA,27,27,0,0,22.63,0.00,18.52
2025-03-18 23:00:00,2025-03-19 00:00:00,DL,32,32,0,0,-2.19,0.00,12.50
2025-03-18 23:00:00,2025-03-19 00:00:00,UA,34,34,0,0,-2.79,0.00,5.88
2025-03-19 00:00:00,2025-03-19 01:00:00,UA,4,4,0,0,3.50,0.00,25.00
2025-03-19 00:00:00,2025-03-19 01:00:00,AA,9,9,0,0,-0.67,0.00,11.11
2025-03-19 00:00:00,2025-03-19 01:00:00,DL,4,4,0,0,8.00,0.00,25.00
2025-03-19 01:00:00,2025-03-19 02:00:00,DL,2,2,0,0,-5.00,0.00,0.00
2025-03-19 01:00:00,2025-03-19 02:00:00,UA,1,1,0,0,-5.00,0.00,0.00
2025-03-19 05:00:00,2025-03-19 06:00:00,WN,107,106,1,0,0.74,0.93,1.89
2025-03-19 05:00:00,2025-03-19 06:00:00,UA,36,36,0,0,-5.11,0.00,2.78
2025-03-19 05:00:00,2025-03-19 06:00:00,AA,111,110,0,1,16.96,0.00,9.91
2025-03-19 05:00:00,2025-03-19 06:00:00,DL,67,67,0,0,7.97,0.00,4.48
2025-03-19 06:00:00,2025-03-19 07:00:00,DL,186,186,0,0,-1.66,0.00,2.15
2025-03-19 06:00:00,2025-03-19 07:00:00,AA,190,188,1,1,2.70,0.53,9.52
2025-03-19 06:00:00,2025-03-19 07:00:00,WN,304,301,3,0,0.28,0.99,5.32
2025-03-19 06:00:00,2025-03-19 07:00:00,UA,131,128,2,1,-4.57,1.53,0.78
2025-03-19 07:00:00,2025-03-19 08:00:00,AA,222,219,1,2,15.12,0.45,10.41
2025-03-19 07:00:00,2025-03-19 08:00:00,WN,245,241,4,0,-2.42,1.63,2.49
2025-03-19 07:00:00,2025-03-19 08:00:00,DL,244,243,1,0,1.60,0.41,4.94
2025-03-19 07:00:00,2025-03-19 08:00:00,UA,193,192,0,1,0.11,0.00,3.63
2025-03-19 08:00:00,2025-03-19 09:00:00,AA,197,195,2,0,11.61,1.02,10.26
2025-03-19 08:00:00,2025-03-19 09:00:00,UA,171,170,1,0,-2.03,0.58,5.29
2025-03-19 08:00:00,2025-03-19 09:00:00,WN,270,266,4,0,1.01,1.48,5.26
2025-03-19 08:00:00,2025-03-19 09:00:00,DL,177,176,0,1,0.40,0.00,6.21
2025-03-19 09:00:00,2025-03-19 10:00:00,AA,132,131,1,0,15.86,0.76,13.74
2025-03-19 09:00:00,2025-03-19 10:00:00,DL,133,132,1,0,-0.52,0.75,5.30
2025-03-19 09:00:00,2025-03-19 10:00:00,UA,131,129,2,0,-1.98,1.53,4.65
2025-03-19 09:00:00,2025-03-19 10:00:00,WN,203,202,1,0,1.37,0.49,7.43
2025-03-19 10:00:00,2025-03-19 11:00:00,UA,126,125,0,1,1.99,0.00,9.52
2025-03-19 10:00:00,2025-03-19 11:00:00,AA,138,138,0,0,9.00,0.00,16.67
2025-03-19 10:00:00,2025-03-19 11:00:00,WN,250,245,5,0,1.44,2.00,7.76
2025-03-19 10:00:00,2025-03-19 11:00:00,DL,158,158,0,0,0.54,0.00,6.96
2025-03-19 11:00:00,2025-03-19 12:00:00,AA,169,167,0,2,11.59,0.00,18.93
2025-03-19 11:00:00,2025-03-19 12:00:00,UA,126,124,1,1,2.71,0.79,8.80
2025-03-19 11:00:00,2025-03-19 12:00:00,DL,206,205,1,0,2.58,0.49,7.32
2025-03-19 11:00:00,2025-03-19 12:00:00,WN,226,217,6,3,2.39,2.65,10.45
2025-03-19 12:00:00,2025-03-19 13:00:00,WN,234,226,6,2,3.61,2.56,10.09
2025-03-19 12:00:00,2025-03-19 13:00:00,UA,122,121,1,0,1.83,0.82,7.44
2025-03-19 12:00:00,2025-03-19 13:00:00,AA,142,137,2,3,27.20,1.41,29.29
2025-03-19 12:00:00,2025-03-19 13:00:00,DL,166,164,1,1,1.87,0.60,6.67
2025-03-19 13:00:00,2025-03-19 14:00:00,WN,235,230,5,0,4.68,2.13,13.04
2025-03-19 13:00:00,2025-03-19 14:00:00,AA,149,148,0,1,25.82,0.00,26.85
2025-03-19 13:00:00,2025-03-19 14:00:00,DL,153,151,1,1,4.51,0.65,13.82
2025-03-19 13:00:00,2025-03-19 14:00:00,UA,138,134,2,2,6.32,1.45,13.97
2025-03-19 14:00:00,2025-03-19 15:00:00,UA,126,121,0,5,13.37,0.00,23.02
2025-03-19 14:00:00,2025-03-19 15:00:00,WN,221,218,3,0,6.33,1.36,11.93
2025-03-19 14:00:00,2025-03-19 15:00:00,AA,143,137,5,1,22.45,3.50,28.99
2025-03-19 14:00:00,2025-03-19 15:00:00,DL,144,142,1,1,5.73,0.69,14.69
2025-03-19 15:00:00,2025-03-19 16:00:00,UA,92,89,2,1,10.93,2.17,17.78
2025-03-19 15:00:00,2025-03-19 16:00:00,AA,142,142,0,0,25.99,0.00,45.77
2025-03-19 15:00:00,2025-03-19 16:00:00,DL,178,177,0,1,6.90,0.00,14.04
2025-03-19 15:00:00,2025-03-19 16:00:00,WN,216,203,9,4,5.89,4.17,17.39
2025-03-19 16:00:00,2025-03-19 17:00:00,AA,145,141,3,1,47.01,2.07,42.25
2025-03-19 16:00:00,2025-03-19 17:00:00,WN,240,231,7,2,7.23,2.92,17.60
2025-03-19 16:00:00,2025-03-19 17:00:00,DL,130,127,1,2,13.87,0.77,17.05
2025-03-19 16:00:00,2025-03-19 17:00:00,UA,136,135,1,0,29.41,0.74,31.85
2025-03-19 17:00:00,2025-03-19 18:00:00,AA,154,153,1,0,33.77,0.65,44.44
2025-03-19 17:00:00,2025-03-19 18:00:00,UA,137,134,2,1,26.14,1.46,28.89
2025-03-19 17:00:00,2025-03-19 18:00:00,WN,230,224,6,0,7.70,2.61,13.84
2025-03-19 17:00:00,2025-03-19 18:00:00,DL,180,179,1,0,10.45,0.56,16.76
2025-03-19 18:00:00,2025-03-19 19:00:00,AA,166,163,3,0,38.20,1.81,38.04
2025-03-19 18:00:00,2025-03-19 19:00:00,WN,218,213,4,1,11.20,1.83,21.50
2025-03-19 18:00:00,2025-03-19 19:00:00,DL,155,153,1,1,11.45,0.65,16.88
2025-03-19 18:00:00,2025-03-19 19:00:00,UA,147,145,2,0,31.61,1.36,35.86
2025-03-19 19:00:00,2025-03-19 20:00:00,AA,160,155,5,0,38.91,3.12,49.03
2025-03-19 19:00:00,2025-03-19 20:00:00,DL,135,135,0,0,5.76,0.00,20.00
2025-03-19 19:00:00,2025-03-19 20:00:00,UA,127,126,0,1,26.17,0.00,26.77
2025-03-19 19:00:00,2025-03-19 20:00:00,WN,280,262,18,0,8.23,6.43,18.32
2025-03-19 20:00:00,2025-03-19 21:00:00,WN,178,175,3,0,8.28,1.69,19.43
2025-03-19 20:00:00,2025-03-19 21:00:00,AA,130,128,2,0,37.46,1.54,38.28
2025-03-19 20:00:00,2025-03-19 21:00:00,DL,97,97,0,0,11.73,0.00,21.65
2025-03-19 20:00:00,2025-03-19 21:00:00,UA,99,95,3,1,38.21,3.03,42.71
2025-03-19 21:00:00,2025-03-19 22:00:00,AA,87,85,2,0,19.54,2.30,31.76
2025-03-19 21:00:00,2025-03-19 22:00:00,DL,79,79,0,0,15.42,0.00,27.85
2025-03-19 21:00:00,2025-03-19 22:00:00,UA,57,57,0,0,19.74,0.00,26.32
2025-03-19 21:00:00,2025-03-19 22:00:00,WN,159,157,1,1,8.09,0.63,20.25
2025-03-19 22:00:00,2025-03-19 23:00:00,UA,34,34,0,0,2.32,0.00,8.82
2025-03-19 22:00:00,2025-03-19 23:00:00,AA,102,102,0,0,30.20,0.00,36.27
2025-03-19 22:00:00,2025-03-19 23:00:00,DL,95,95,0,0,2.95,0.00,12.63
2025-03-19 22:00:00,2025-03-19 23:00:00,WN,10,10,0,0,2.90,0.00,10.00
2025-03-19 23:00:00,2025-03-20 00:00:00,AA,27,26,0,1,37.81,0.00,25.93
2025-03-19 23:00:00,2025-03-20 00:00:00,DL,34,33,0,1,-1.82,0.00,8.82
2025-03-19 23:00:00,2025-03-20 00:00:00,UA,44,43,1,0,28.84,2.27,20.93
2025-03-19 23:00:00,2025-03-20 00:00:00,WN,9,9,0,0,10.00,0.00,22.22
2025-03-20 00:00:00,2025-03-20 01:00:00,AA,9,9,0,0,7.33,0.00,22.22
2025-03-20 00:00:00,2025-03-20 01:00:00,DL,4,4,0,0,5.75,0.00,25.00
2025-03-20 00:00:00,2025-03-20 01:00:00,UA,6,6,0,0,0.33,0.00,0.00
2025-03-20 01:00:00,2025-03-20 02:00:00,UA,1,1,0,0,-4.00,0.00,0.00
2025-03-20 01:00:00,2025-03-20 02:00:00,DL,2,2,0,0,-9.00,0.00,0.00
2025-03-20 05:00:00,2025-03-20 06:00:00,AA,111,110,1,0,30.53,0.90,12.73
2025-03-20 05:00:00,2025-03-20 06:00:00,WN,195,195,0,0,-2.27,0.00,0.51
2025-03-20 05:00:00,2025-03-20 06:00:00,UA,42,42,0,0,3.36,0.00,7.14
2025-03-20 05:00:00,2025-03-20 06:00:00,DL,69,69,0,0,0.91,0.00,7.25
2025-03-20 06:00:00,2025-03-20 07:00:00,AA,190,186,3,1,6.21,1.58,8.02
2025-03-20 06:00:00,2025-03-20 07:00:00,UA,141,141,0,0,5.96,0.00,9.22
2025-03-20 06:00:00,2025-03-20 07:00:00,WN,308,307,1,0,-2.66,0.32,0.65
2025-03-20 06:00:00,2025-03-20 07:00:00,DL,189,189,0,0,5.65,0.00,5.82
2025-03-20 07:00:00,2025-03-20 08:00:00,AA,221,217,3,1,7.85,1.36,12.84
2025-03-20 07:00:00,2025-03-20 08:00:00,WN,239,239,0,0,0.14,0.00,5.02
2025-03-20 07:00:00,2025-03-20 08:00:00,UA,205,203,1,1,3.77,0.49,13.24
2025-03-20 07:00:00,2025-03-20 08:00:00,DL,248,248,0,0,3.09,0.00,12.90
2025-03-20 08:00:00,2025-03-20 09:00:00,AA,199,199,0,0,9.30,0.00,17.59
2025-03-20 08:00:00,2025-03-20 09:00:00,DL,181,181,0,0,7.18,0.00,14.36
2025-03-20 08:00:00,2025-03-20 09:00:00,WN,267,267,0,0,0.72,0.00,5.24
2025-03-20 08:00:00,2025-03-20 09:00:00,UA,173,173,0,0,7.17,0.00,15.61
2025-03-20 09:00:00,2025-03-20 10:00:00,DL,134,134,0,0,5.26,0.00,14.18
2025-03-20 09:00:00,2025-03-20 10:00:00,UA,134,134,0,0,11.10,0.00,20.15
2025-03-20 09:00:00,2025-03-20 10:00:00,AA,132,132,0,0,9.27,0.00,14.39
2025-03-20 09:00:00,2025-03-20 10:00:00,WN,237,237,0,0,3.84,0.00,11.39
2025-03-20 10:00:00,2025-03-20 11:00:00,AA,141,140,0,1,11.70,0.00,21.99
2025-03-20 10:00:00,2025-03-20 11:00:00,WN,238,238,0,0,5.48,0.00,13.03
2025-03-20 10:00:00,2025-03-20 11:00:00,DL,162,162,0,0,3.98,0.00,12.35
2025-03-20 10:00:00,2025-03-20 11:00:00,UA,127,127,0,0,12.91,0.00,21.26
2025-03-20 11:00:00,2025-03-20 12:00:00,UA,126,126,0,0,15.32,0.00,21.43
2025-03-20 11:00:00,2025-03-20 12:00:00,AA,167,167,0,0,9.43,0.00,21.56
2025-03-20 11:00:00,2025-03-20 12:00:00,DL,208,207,0,1,7.42,0.00,13.94
2025-03-20 11:00:00,2025-03-20 12:00:00,WN,237,235,2,0,7.28,0.84,15.74
2025-03-20 12:00:00,2025-03-20 13:00:00,DL,168,168,0,0,11.35,0.00,17.26
2025-03-20 12:00:00,2025-03-20 13:00:00,WN,227,226,1,0,6.61,0.44,14.60
2025-03-20 12:00:00,2025-03-20 13:00:00,AA,144,144,0,0,17.07,0.00,27.08
2025-03-20 12:00:00,2025-03-20 13:00:00,UA,128,127,1,0,20.07,0.78,28.35
2025-03-20 13:00:00,2025-03-20 14:00:00,AA,149,149,0,0,18.45,0.00,25.50
2025-03-20 13:00:00,2025-03-20 14:00:00,UA,139,139,0,0,11.58,0.00,18.71
2025-03-20 13:00:00,2025-03-20 14:00:00,WN,246,246,0,0,8.02,0.00,17.89
2025-03-20 13:00:00,2025-03-20 14:00:00,DL,158,158,0,0,7.45,0.00,16.46
2025-03-20 14:00:00,2025-03-20 15:00:00,AA,144,144,0,0,18.16,0.00,29.17
2025-03-20 14:00:00,2025-03-20 15:00:00,WN,247,242,4,1,10.79,1.62,22.63
2025-03-20 14:00:00,2025-03-20 15:00:00,DL,155,153,0,2,9.14,0.00,17.42
2025-03-20 14:00:00,2025-03-20 15:00:00,UA,127,127,0,0,20.62,0.00,27.56
2025-03-20 15:00:00,2025-03-20 16:00:00,AA,144,142,0,2,18.89,0.00,31.25
2025-03-20 15:00:00,2025-03-20 16:00:00,DL,181,181,0,0,12.19,0.00,18.78
2025-03-20 15:00:00,2025-03-20 16:00:00,WN,215,215,0,0,10.00,0.00,24.65
2025-03-20 15:00:00,2025-03-20 16:00:00,UA,94,94,0,0,13.00,0.00,24.47
2025-03-20 16:00:00,2025-03-20 17:00:00,DL,139,139,0,0,14.68,0.00,20.14
2025-03-20 16:00:00,2025-03-20 17:00:00,UA,140,140,0,0,9.76,0.00,20.71
2025-03-20 16:00:00,2025-03-20 17:00:00,AA,143,143,0,0,19.64,0.00,31.47
2025-03-20 16:00:00,2025-03-20 17:00:00,WN,234,233,0,1,9.23,0.00,19.66
2025-03-20 17:00:00,2025-03-20 18:00:00,WN,244,242,1,1,16.28,0.41,24.28
2025-03-20 17:00:00,2025-03-20 18:00:00,UA,140,140,0,0,13.79,0.00,21.43
2025-03-20 17:00:00,2025-03-20 18:00:00,AA,154,153,0,1,17.84,0.00,27.92
2025-03-20 17:00:00,2025-03-20 18:00:00,DL,185,185,0,0,16.93,0.00,21.08
2025-03-20 18:00:00,2025-03-20 19:00:00,WN,247,247,0,0,12.93,0.00,22.67
2025-03-20 18:00:00,2025-03-20 19:00:00,AA,169,169,0,0,27.58,0.00,33.14
2025-03-20 18:00:00,2025-03-20 19:00:00,DL,172,172,0,0,21.66,0.00,27.33
2025-03-20 18:00:00,2025-03-20 19:00:00,UA,153,153,0,0,13.07,0.00,23.53
2025-03-20 19:00:00,2025-03-20 20:00:00,UA,136,136,0,0,10.73,0.00,21.32
2025-03-20 19:00:00,2025-03-20 20:00:00,WN,220,220,0,0,13.05,0.00,24.09
2025-03-20 19:00:00,2025-03-20 20:00:00,AA,160,160,0,0,25.32,0.00,34.38
2025-03-20 19:00:00,2025-03-20 20:00:00,DL,167,167,0,0,21.68,0.00,33.53
2025-03-20 20:00:00,2025-03-20 21:00:00,AA,129,129,0,0,18.24,0.00,31.78
2025-03-20 20:00:00,2025-03-20 21:00:00,DL,121,121,0,0,20.14,0.00,25.62
2025-03-20 20:00:00,2025-03-20 21:00:00,UA,97,97,0,0,24.44,0.00,31.96
2025-03-20 20:00:00,2025-03-20 21:00:00,WN,275,274,0,1,15.37,0.00,28.36
2025-03-20 21:00:00,2025-03-20 22:00:00,UA,63,63,0,0,8.92,0.00,22.22
2025-03-20 21:00:00,2025-03-20 22:00:00,WN,167,167,0,0,15.05,0.00,29.94
2025-03-20 21:00:00,2025-03-20 22:00:00,AA,88,87,0,1,11.08,0.00,26.14
2025-03-20 21:00:00,2025-03-20 22:00:00,DL,102,102,0,0,18.85,0.00,23.53
2025-03-20 22:00:00,2025-03-20 23:00:00,AA,102,102,0,0,9.42,0.00,18.63
2025-03-20 22:00:00,2025-03-20 23:00:00,DL,103,103,0,0,8.05,0.00,18.45
2025-03-20 22:00:00,2025-03-20 23:00:00,WN,138,138,0,0,13.95,0.00,25.36
2025-03-20 22:00:00,2025-03-20 23:00:00,UA,35,34,0,1,11.34,0.00,14.29
2025-03-20 23:00:00,2025-03-21 00:00:00,AA,29,29,0,0,4.45,0.00,13.79
2025-03-20 23:00:00,2025-03-21 00:00:00,UA,45,45,0,0,3.51,0.00,13.33
2025-03-20 23:00:00,2025-03-21 00:00:00,WN,9,9,0,0,3.56,0.00,11.11
2025-03-20 23:00:00,2025-03-21 00:00:00,DL,39,39,0,0,4.77,0.00,10.26
2025-03-21 00:00:00,2025-03-21 01:00:00,DL,7,7,0,0,-4.86,0.00,0.00
2025-03-21 00:00:00,2025-03-21 01:00:00,AA,10,10,0,0,0.00,0.00,10.00
2025-03-21 00:00:00,2025-03-21 01:00:00,UA,8,8,0,0,11.38,0.00,37.50
2025-03-21 01:00:00,2025-03-21 02:00:00,DL,2,2,0,0,-10.00,0.00,0.00
2025-03-21 01:00:00,2025-03-21 02:00:00,UA,1,1,0,0,-5.00,0.00,0.00
2025-03-21 05:00:00,2025-03-21 06:00:00,AA,111,110,0,1,12.98,0.00,6.31
2025-03-21 05:00:00,2025-03-21 06:00:00,WN,195,195,0,0,-0.76,0.00,5.64
2025-03-21 05:00:00,2025-03-21 06:00:00,DL,69,69,0,0,19.70,0.00,13.04
2025-03-21 05:00:00,2025-03-21 06:00:00,UA,42,42,0,0,-3.81,0.00,2.38
2025-03-21 06:00:00,2025-03-21 07:00:00,WN,308,307,0,1,-0.66,0.00,4.55
2025-03-21 06:00:00,2025-03-21 07:00:00,AA,190,190,0,0,5.36,0.00,6.84
2025-03-21 06:00:00,2025-03-21 07:00:00,UA,145,144,1,0,-3.26,0.69,5.56
2025-03-21 06:00:00,2025-03-21 07:00:00,DL,189,189,0,0,-0.41,0.00,4.23
2025-03-21 07:00:00,2025-03-21 08:00:00,AA,221,221,0,0,5.95,0.00,7.69
2025-03-21 07:00:00,2025-03-21 08:00:00,DL,246,245,1,0,5.62,0.41,10.20
2025-03-21 07:00:00,2025-03-21 08:00:00,WN,239,239,0,0,1.77,0.00,8.37
2025-03-21 07:00:00,2025-03-21 08:00:00,UA,203,202,0,1,4.41,0.00,6.40
2025-03-21 08:00:00,2025-03-21 09:00:00,UA,173,173,0,0,1.06,0.00,9.83
2025-03-21 08:00:00,2025-03-21 09:00:00,WN,267,267,0,0,0.97,0.00,4.87
2025-03-21 08:00:00,2025-03-21 09:00:00,AA,199,199,0,0,15.48,0.00,11.56
2025-03-21 08:00:00,2025-03-21 09:00:00,DL,182,181,0,1,5.40,0.00,7.69
2025-03-21 09:00:00,2025-03-21 10:00:00,WN,237,237,0,0,3.88,0.00,10.13
2025-03-21 09:00:00,2025-03-21 10:00:00,AA,133,133,0,0,10.57,0.00,15.04
2025-03-21 09:00:00,2025-03-21 10:00:00,DL,134,133,0,1,8.28,0.00,18.66
2025-03-21 09:00:00,2025-03-21 10:00:00,UA,134,134,0,0,0.67,0.00,8.96
2025-03-21 10:00:00,2025-03-21 11:00:00,AA,140,138,2,0,15.72,1.43,21.01
2025-03-21 10:00:00,2025-03-21 11:00:00,DL,162,162,0,0,7.71,0.00,17.90
2025-03-21 10:00:00,2025-03-21 11:00:00,WN,238,236,2,0,2.61,0.84,9.75
2025-03-21 10:00:00,2025-03-21 11:00:00,UA,128,128,0,0,-0.01,0.00,8.59
2025-03-21 11:00:00,2025-03-21 12:00:00,DL,207,205,2,0,19.76,0.97,24.39
2025-03-21 11:00:00,2025-03-21 12:00:00,WN,237,237,0,0,5.03,0.00,12.24
2025-03-21 11:00:00,2025-03-21 12:00:00,UA,126,126,0,0,8.87,0.00,14.29
2025-03-21 11:00:00,2025-03-21 12:00:00,AA,166,166,0,0,11.53,0.00,15.66
2025-03-21 12:00:00,2025-03-21 13:00:00,UA,128,128,0,0,6.59,0.00,10.16
2025-03-21 12:00:00,2025-03-21 13:00:00,AA,146,146,0,0,19.23,0.00,21.23
2025-03-21 12:00:00,2025-03-21 13:00:00,DL,168,168,0,0,6.95,0.00,16.07
2025-03-21 12:00:00,2025-03-21 13:00:00,WN,227,227,0,0,7.31,0.00,14.54
2025-03-21 13:00:00,2025-03-21 14:00:00,AA,148,148,0,0,12.18,0.00,22.97
2025-03-21 13:00:00,2025-03-21 14:00:00,WN,246,245,1,0,5.29,0.41,13.88
2025-03-21 13:00:00,2025-03-21 14:00:00,UA,139,139,0,0,9.40,0.00,11.51
2025-03-21 13:00:00,2025-03-21 14:00:00,DL,159,159,0,0,16.81,0.00,23.90
2025-03-21 14:00:00,2025-03-21 15:00:00,WN,247,247,0,0,10.13,0.00,21.05
2025-03-21 14:00:00,2025-03-21 15:00:00,UA,129,129,0,0,14.64,0.00,16.28
2025-03-21 14:00:00,2025-03-21 15:00:00,AA,143,142,1,0,21.80,0.70,28.17
2025-03-21 14:00:00,2025-03-21 15:00:00,DL,155,154,1,0,9.04,0.65,22.08
2025-03-21 15:00:00,2025-03-21 16:00:00,WN,215,215,0,0,8.61,0.00,17.67
2025-03-21 15:00:00,2025-03-21 16:00:00,AA,144,144,0,0,23.78,0.00,28.47
2025-03-21 15:00:00,2025-03-21 16:00:00,DL,179,176,2,1,15.20,1.12,29.94
2025-03-21 15:00:00,2025-03-21 16:00:00,UA,88,88,0,0,11.05,0.00,19.32
2025-03-21 16:00:00,2025-03-21 17:00:00,AA,145,144,1,0,20.35,0.69,26.39
2025-03-21 16:00:00,2025-03-21 17:00:00,DL,138,137,0,1,12.58,0.00,28.26
2025-03-21 16:00:00,2025-03-21 17:00:00,UA,145,145,0,0,6.28,0.00,15.17
2025-03-21 16:00:00,2025-03-21 17:00:00,WN,234,234,0,0,9.88,0.00,18.38
2025-03-21 17:00:00,2025-03-21 18:00:00,UA,138,138,0,0,7.85,0.00,19.57
2025-03-21 17:00:00,2025-03-21 18:00:00,WN,244,244,0,0,10.50,0.00,21.72
2025-03-21 17:00:00,2025-03-21 18:00:00,DL,188,187,1,0,21.66,0.53,28.88
2025-03-21 17:00:00,2025-03-21 18:00:00,AA,153,153,0,0,17.83,0.00,29.41
2025-03-21 18:00:00,2025-03-21 19:00:00,WN,248,248,0,0,11.18,0.00,23.79
2025-03-21 18:00:00,2025-03-21 19:00:00,AA,168,168,0,0,24.85,0.00,31.55
2025-03-21 18:00:00,2025-03-21 19:00:00,DL,168,167,1,0,6.96,0.60,19.16
2025-03-21 18:00:00,2025-03-21 19:00:00,UA,153,152,1,0,6.85,0.65,17.76
2025-03-21 19:00:00,2025-03-21 20:00:00,UA,137,137,0,0,9.29,0.00,18.98
2025-03-21 19:00:00,2025-03-21 20:00:00,WN,220,220,0,0,7.96,0.00,19.09
2025-03-21 19:00:00,2025-03-21 20:00:00,AA,161,161,0,0,19.88,0.00,28.57
2025-03-21 19:00:00,2025-03-21 20:00:00,DL,168,168,0,0,17.17,0.00,29.17
2025-03-21 20:00:00,2025-03-21 21:00:00,AA,130,130,0,0,17.25,0.00,26.92
2025-03-21 20:00:00,2025-03-21 21:00:00,WN,274,274,0,0,7.83,0.00,19.34
2025-03-21 20:00:00,2025-03-21 21:00:00,DL,121,121,0,0,12.16,0.00,24.79
2025-03-21 20:00:00,2025-03-21 21:00:00,UA,97,96,1,0,13.76,1.03,26.04
2025-03-21 21:00:00,2025-03-21 22:00:00,AA,89,89,0,0,33.16,0.00,25.84
2025-03-21 21:00:00,2025-03-21 22:00:00,DL,102,101,0,1,4.58,0.00,13.73
2025-03-21 21:00:00,2025-03-21 22:00:00,UA,61,61,0,0,9.39,0.00,22.95
2025-03-21 21:00:00,2025-03-21 22:00:00,WN,167,167,0,0,11.43,0.00,25.15
2025-03-21 22:00:00,2025-03-21 23:00:00,WN,136,136,0,0,2.72,0.00,13.24
2025-03-21 22:00:00,2025-03-21 23:00:00,AA,103,103,0,0,11.27,0.00,17.48
2025-03-21 22:00:00,2025-03-21 23:00:00,DL,104,104,0,0,12.60,0.00,20.19
2025-03-21 22:00:00,2025-03-21 23:00:00,UA,34,34,0,0,13.88,0.00,17.65
2025-03-21 23:00:00,2025-03-22 00:00:00,UA,47,47,0,0,1.13,0.00,12.77
2025-03-21 23:00:00,2025-03-22 00:00:00,AA,29,29,0,0,32.34,0.00,27.59
2025-03-21 23:00:00,2025-03-22 00:00:00,WN,9,9,0,0,0.00,0.00,0.00
2025-03-21 23:00:00,2025-03-22 00:00:00,DL,40,40,0,0,11.38,0.00,25.00
2025-03-22 00:00:00,2025-03-22 01:00:00,DL,7,7,0,0,5.71,0.00,14.29
2025-03-22 00:00:00,2025-03-22 01:00:00,UA,7,7,0,0,-1.43,0.00,0.00
2025-03-22 00:00:00,2025-03-22 01:00:00,AA,10,10,0,0,-2.60,0.00,0.00
2025-03-22 01:00:00,2025-03-22 02:00:00,DL,2,2,0,0,-5.50,0.00,0.00
2025-03-22 01:00:00,2025-03-22 02:00:00,UA,1,1,0,0,-6.00,0.00,0.00
2025-03-22 05:00:00,2025-03-22 06:00:00,UA,52,52,0,0,-5.10,0.00,0.00
2025-03-22 05:00:00,2025-03-22 06:00:00,WN,193,193,0,0,-1.32,0.00,2.07
2025-03-22 05:00:00,2025-03-22 06:00:00,AA,109,109,0,0,18.65,0.00,6.42
2025-03-22 05:00:00,2025-03-22 06:00:00,DL,70,70,0,0,0.97,0.00,8.57
2025-03-22 06:00:00,2025-03-22 07:00:00,WN,285,284,1,0,-1.25,0.35,2.82
2025-03-22 06:00:00,2025-03-22 07:00:00,UA,146,146,0,0,-2.51,0.00,3.42
2025-03-22 06:00:00,2025-03-22 07:00:00,AA,183,183,0,0,9.60,0.00,9.84
2025-03-22 06:00:00,2025-03-22 07:00:00,DL,180,180,0,0,6.38,0.00,8.33
2025-03-22 07:00:00,2025-03-22 08:00:00,WN,229,229,0,0,-0.77,0.00,2.18
2025-03-22 07:00:00,2025-03-22 08:00:00,UA,180,180,0,0,0.80,0.00,3.89
2025-03-22 07:00:00,2025-03-22 08:00:00,AA,204,203,0,1,4.05,0.00,6.86
2025-03-22 07:00:00,2025-03-22 08:00:00,DL,218,218,0,0,-1.52,0.00,6.42
2025-03-22 08:00:00,2025-03-22 09:00:00,WN,217,217,0,0,-0.47,0.00,3.23
2025-03-22 08:00:00,2025-03-22 09:00:00,AA,180,180,0,0,7.29,0.00,8.33
2025-03-22 08:00:00,2025-03-22 09:00:00,DL,162,162,0,0,0.31,0.00,9.88
2025-03-22 08:00:00,2025-03-22 09:00:00,UA,154,154,0,0,-0.21,0.00,5.84
2025-03-22 09:00:00,2025-03-22 10:00:00,UA,116,116,0,0,4.19,0.00,6.90
2025-03-22 09:00:00,2025-03-22 10:00:00,WN,197,197,0,0,-0.59,0.00,3.55
2025-03-22 09:00:00,2025-03-22 10:00:00,AA,117,117,0,0,6.77,0.00,11.97
2025-03-22 09:00:00,2025-03-22 10:00:00,DL,140,140,0,0,6.58,0.00,7.86
2025-03-22 10:00:00,2025-03-22 11:00:00,UA,117,117,0,0,1.89,0.00,11.97
2025-03-22 10:00:00,2025-03-22 11:00:00,AA,129,129,0,0,21.59,0.00,13.95
2025-03-22 10:00:00,2025-03-22 11:00:00,DL,128,128,0,0,6.87,0.00,7.03
2025-03-22 10:00:00,2025-03-22 11:00:00,WN,185,185,0,0,3.72,0.00,3.78
2025-03-22 11:00:00,2025-03-22 12:00:00,DL,198,198,0,0,1.10,0.00,9.09
2025-03-22 11:00:00,2025-03-22 12:00:00,UA,110,110,0,0,3.52,0.00,10.00
2025-03-22 11:00:00,2025-03-22 12:00:00,WN,225,225,0,0,2.42,0.00,8.44
2025-03-22 11:00:00,2025-03-22 12:00:00,AA,149,149,0,0,16.50,0.00,14.77
2025-03-22 12:00:00,2025-03-22 13:00:00,DL,145,144,1,0,1.93,0.69,9.72
2025-03-22 12:00:00,2025-03-22 13:00:00,AA,126,125,0,1,13.67,0.00,18.25
2025-03-22 12:00:00,2025-03-22 13:00:00,UA,103,103,0,0,3.31,0.00,9.71
2025-03-22 12:00:00,2025-03-22 13:00:00,WN,179,178,1,0,2.90,0.56,11.80
2025-03-22 13:00:00,2025-03-22 14:00:00,UA,128,128,0,0,4.13,0.00,12.50
2025-03-22 13:00:00,2025-03-22 14:00:00,AA,131,130,0,1,18.61,0.00,17.56
2025-03-22 13:00:00,2025-03-22 14:00:00,DL,132,132,0,0,8.03,0.00,15.91
2025-03-22 13:00:00,2025-03-22 14:00:00,WN,237,237,0,0,3.59,0.00,10.55
2025-03-22 14:00:00,2025-03-22 15:00:00,AA,135,135,0,0,14.51,0.00,20.74
2025-03-22 14:00:00,2025-03-22 15:00:00,WN,192,192,0,0,2.97,0.00,8.33
2025-03-22 14:00:00,2025-03-22 15:00:00,DL,124,124,0,0,4.48,0.00,13.71
2025-03-22 14:00:00,2025-03-22 15:00:00,UA,115,115,0,0,16.87,0.00,15.65
2025-03-22 15:00:00,2025-03-22 16:00:00,AA,136,136,0,0,14.54,0.00,16.91
2025-03-22 15:00:00,2025-03-22 16:00:00,UA,82,82,0,0,2.34,0.00,13.41
2025-03-22 15:00:00,2025-03-22 16:00:00,WN,222,220,2,0,6.91,0.90,16.82
2025-03-22 15:00:00,2025-03-22 16:00:00,DL,166,165,0,1,9.16,0.00,19.88
